94.31235
94.11716
94.28824
94.26913
94.62344
94.63187
94.41922
94.31766
94.4158
94.43808
94.31381
94.21793
94.44925
94.38809
94.616
94.36899
94.53635
94.67624
94.48227
94.7045
94.57986
94.40402
94.74655
94.55331
94.78665
94.91177
94.61142
94.83163
94.77127
94.77518
94.70322
94.61093
94.31985
94.4874
94.74234
94.74112
94.49765
94.35995
94.41861
94.18399
94.35849
94.3356
94.00436
94.20627
94.11154
93.93057
93.61411
93.66196
93.23904
93.22342
92.62619
92.53152
92.0361
91.68057
91.23196
90.72678
90.19186
89.86282
89.44913
88.86972
88.34671
87.87833
87.37009
87.06314
87.23618
86.57278
86.50009
85.82303
85.39066
85.21243
84.63968
83.89249
83.87558
83.65054
83.3287
83.05807
82.48868
82.29349
81.582
80.97165
80.58279
80.27847
79.33163
79.05704
78.86429
78.06363
77.73532
77.49008
77.13937
76.52768
76.496
75.92172
75.20505
74.89987
74.73074
74.37753
73.81253
73.37741
73.04324
72.52835
72.10147
71.93527
71.44028
71.16336
70.72275
70.27621
69.82004
69.95041
69.76218
69.85098
70.18393
70.39059
71.03384
71.76883
72.26028
72.97836
73.7366
74.63705
75.66074
76.66794
77.16739
77.83896
78.80197
79.9642
80.24033
81.84689
82.95749
83.50266
84.39706
84.79404
85.772
86.20798
86.86588
87.77261
88.39365
88.73245
88.83115
89.69675
89.95279
90.05746
90.79953
90.30209
90.82706
90.89877
91.00113
91.16702
91.73538
91.56192
91.41824
91.81619
91.53
91.36069
91.3782
91.17191
90.90891
90.85318
90.62314
90.08395
89.48917
89.35049
88.45572
87.84885
87.64346
87.22031
86.6846
86.28726
85.72067
85.01749
84.72488
84.03793
82.94284
82.58267
81.9725
81.57004
81.34073
80.94241
80.57785
79.96396
79.66275
79.15079
78.66324
77.96512
77.45377
77.2352
76.42776
76.1055
75.43613
74.69223
74.34329
74.28421
73.81168
73.11386
73.2233
72.3519
71.95242
71.23135
70.39658
69.46677
69.07687
68.35995
68.11368
67.51279
67.08414
66.60898
65.86813
65.78177
65.03598
64.535
64.08072
63.61942
62.87259
62.59012
62.80331
63.08804
63.42569
63.98459
64.59641
65.77536
66.44119
67.37949
68.2648
69.36087
70.08334
71.26602
72.70676
73.70108
74.9487
75.46542
76.41183
77.57443
78.61551
79.37735
80.38193
81.10623
82.15567
82.70566
83.32669
83.95248
84.94357
85.44162
85.97812
86.21591
86.76309
86.92349
87.32663
87.86124
88.4686
88.66739
89.02164
89.16086
89.63992
89.76077
90.11111
89.72702
89.6171
89.80728
89.70639
89.40378
89.21469
89.35184
89.03806
88.5502
88.67825
87.74686
87.28732
86.8511
86.59262
85.88077
85.86142
85.28958
85.00113
84.6683
84.02707
83.24863
82.97244
82.71689
82.05533
81.79691
81.15726
80.39072
80.0159
79.58749
79.09421
78.34872
78.23709
77.84378
77.48862
76.79196
76.24033
75.80466
75.24625
74.45004
73.48318
73.0834
72.53952
72.44339
71.95187
71.49826
71.6022
71.09439
71.03024
70.59067
70.41098
70.10324
69.94949
69.52884
69.51791
69.03922
68.41275
68.42184
68.42715
67.91129
67.15237
67.03531
66.51059
66.49319
66.50082
66.55771
66.49313
66.75601
67.74789
69.08261
70.08865
71.31625
71.6171
72.93747
73.51523
74.97849
75.25656
76.68826
77.73587
78.79691
79.7966
80.15115
81.10971
82.47775
83.13724
84.0549
84.64035
85.37851
85.51022
85.91177
86.69113
87.08853
87.48459
87.8718
88.09323
88.15726
88.65652
88.9614
89.30978
89.60355
89.93185
89.9838
90.29715
90.20474
89.82016
89.84256
90.15231
90.05502
89.62851
89.29324
88.97806
88.89926
88.31735
88.08347
88.14615
87.36264
87.14706
86.53214
86.202
85.75638
85.33115
84.79941
84.56125
84.04953
83.62418
83.53696
82.79019
82.43912
81.97903
81.49045
80.95688
80.85806
80.06979
79.46628
78.78616
78.34128
77.69119
77.20792
76.46793
76.20505
75.45859
75.00784
74.62094
73.75601
73.46732
72.66861
72.40732
71.9006
71.23074
70.60434
70.43399
69.75009
69.16953
68.50424
68.27658
67.74344
67.2944
66.65378
66.29251
66.01041
65.57291
65.35721
64.5549
64.0513
63.4028
62.88144
62.57565
62.75052
62.56924
62.92538
63.37418
64.24008
65.02396
66.39725
67.58878
69.19778
70.13846
71.20004
72.67935
73.84592
74.78232
75.54715
76.59329
77.0715
77.89365
78.88388
79.58542
80.17441
80.60434
81.45486
82.13065
83.147
83.68723
83.77255
84.48776
84.9039
85.09824
85.8815
86.47067
87.51425
87.86746
88.08932
88.66965
88.68674
89.36667
89.47104
89.82755
90.25723
90.42313
90.8273
90.79941
90.80771
90.88394
90.84671
90.67581
90.98245
90.54056
90.33133
89.98227
89.84903
89.58774
89.42313
88.96701
88.55301
88.83505
87.923
87.83145
87.65488
87.12643
86.5513
86.259
85.93906
85.74344
85.17532
85.20859
84.36209
83.95944
83.60037
82.79922
82.78256
82.35678
81.81906
81.43893
81.32126
80.90024
80.43692
79.95535
79.87912
79.5264
79.26559
78.80704
78.15585
77.88535
77.45071
76.83084
76.80026
76.03751
75.97372
75.85446
75.5405
75.37265
75.13919
74.80167
74.45291
74.19296
73.84726
73.83176
73.42856
72.79507
72.77908
72.60458
72.32431
72.55405
72.39853
72.78452
73.04941
73.40982
74.09128
74.59335
75.04031
76.00034
76.98947
78.2211
78.98355
79.63803
80.15903
80.94919
81.75113
82.46188
83.06638
83.70761
84.61771
85.47385
85.9653
86.75943
87.04898
87.46951
88.10172
88.37839
88.43948
88.97324
89.37009
89.57419
90.29715
90.62534
90.93259
90.76834
91.16226
91.2316
91.80704
91.55789
91.59177
92.08286
92.24966
92.1022
91.97885
92.08102
92.1553
92.36258
92.12717
91.77817
91.96725
91.69461
91.5137
91.57541
91.41019
91.03964
90.75552
91.0817
90.47543
90.02603
89.8248
89.91055
89.79019
89.34988
89.68283
89.25339
89.02646
88.90585
88.48856
88.18417
87.92557
87.54062
87.16812
87.30807
86.73502
86.38126
86.00162
85.85342
85.14169
85.47964
84.83121
84.67764
84.07376
84.20554
84.01077
83.83261
83.75974
83.28128
83.36276
83.11642
82.98892
82.7756
82.29221
82.32266
81.77249
81.71414
81.56949
81.3511
80.93039
80.85751
80.69711
80.31589
80.25705
79.72598
80.05856
80.27701
80.28268
80.9313
81.08463
81.35257
81.48526
81.96255
82.68497
83.10495
83.53812
83.89352
84.20267
84.71054
85.16727
85.54996
85.81534
86.11069
86.34348
87.04166
87.25864
87.87881
87.99893
88.36234
88.74454
88.91641
89.96262
89.72244
90.37936
90.56277
90.79416
91.14377
91.1553
91.65903
91.48465
92.18887
91.76022
92.02408
91.95114
91.83932
92.00296
92.22464
91.78806
91.98019
92.01913
92.48331
92.33585
92.32718
92.39316
92.13608
92.06155
92.01981
92.0632
91.86307
91.46561
91.22568
90.98441
90.61563
90.78262
90.37405
90.535
90.31949
90.21756
90.02426
89.8591
89.5192
89.33707
89.38162
89.10715
89.08066
88.75467
88.52011
88.37839
88.05832
88.01108
87.63272
87.64316
87.34201
86.96353
86.71915
86.2919
86.28702
85.98654
85.61557
85.61063
85.52322
85.08395
84.84219
84.36758
84.41245
84.17386
83.72653
83.73788
83.23398
82.95602
82.56448
82.29898
81.72488
81.215
80.57883
80.63913
79.77158
79.923
80.12204
80.02847
80.20297
80.35855
80.2825
80.82376
80.89389
81.67886
81.8544
82.28665
82.72806
83.01944
83.40359
84.42081
84.83145
85.11154
85.83041
86.05215
86.65915
87.08743
87.74954
88.05087
88.46201
88.99069
89.16672
89.63858
89.88956
90.04007
90.45859
90.44846
90.86642
91.45914
91.28848
91.34164
91.32639
91.76248
91.7775
92.26596
92.32004
92.52756
92.85489
92.81888
92.9567
92.73337
92.80954
92.7869
92.73318
92.66104
92.22592
92.40738
92.3613
92.47202
92.10068
92.10715
91.53079
91.47641
91.62711
91.26346
91.32767
90.95798
90.68118
90.23831
90.16861
89.71951
89.68118
89.52866
88.79684
88.71671
88.45932
88.09616
87.91287
87.95914
87.69589
87.17679
86.73514
85.99625
86.34683
85.50089
85.56192
85.29166
84.99979
85.06454
84.34537
84.07986
83.9462
83.84378
83.16971
83.29752
82.82394
82.40482
82.00418
81.92294
81.88675
81.2999
81.34756
81.19565
80.90359
80.47427
80.6738
80.41177
80.13461
79.75381
79.92215
79.82224
79.53751
79.8306
79.82065
80.41812
80.41214
80.66415
80.9498
81.13681
81.24863
81.80478
81.96835
82.86758
83.54825
83.74301
84.30515
84.50247
84.95126
85.58591
86.37656
87.01852
87.28598
88.10001
88.22336
88.58029
89.19901
89.57724
89.52621
89.93356
90.29196
90.62082
90.88242
91.2811
91.6196
91.7222
91.69205
91.93472
92.12314
92.36343
92.84848
92.6329
92.66006
92.71725
92.79514
92.47421
92.59067
92.2803
92.03244
92.21262
92.22775
92.19492
91.96921
92.18491
91.85556
91.88376
91.68356
91.70767
91.41324
91.29184
91.09616
90.84268
90.89914
90.77634
90.71603
90.52542
90.25644
90.14651
89.93509
89.957
89.79355
89.33115
89.43948
89.23666
88.92679
88.67447
88.48392
88.55734
88.00131
87.54361
87.40305
86.81033
86.82425
86.26614
86.0029
85.55728
85.45139
85.23917
85.28879
85.05637
84.54733
84.32901
84.05563
84.08755
83.72226
83.65549
83.37936
82.97433
82.75235
82.96585
82.59171
82.34952
82.3306
81.72452
82.0267
81.71707
81.58353
81.90555
81.98227
82.16617
82.49619
82.83542
83.65518
83.77231
84.22891
84.41086
84.71408
85.1069
85.66409
86.23459
86.36935
86.76102
87.10104
87.41214
87.79623
87.54099
88.47165
88.56711
88.86588
89.03714
89.32974
89.49142
90.04355
90.52542
90.83286
91.36398
91.71664
91.91647
92.51389
93.01181
92.84891
93.11069
92.98221
93.40939
92.82791
92.9628
93.12833
92.75467
92.4971
92.3876
91.48508
91.70767
91.41312
90.87173
90.59958
90.27042
89.69565
89.4191
89.03128
88.62631
87.95364
87.66318
87.31479
86.52231
86.56168
86.00003
85.54031
85.0546
84.61673
84.37772
83.72366
83.15085
82.98026
82.34604
81.71408
81.08646
80.64963
80.29813
79.67966
79.12778
78.54953
78.47043
78.01706
77.62692
77.2767
76.68552
76.28238
76.13797
75.62827
74.8118
74.40347
73.78177
73.38779
72.99564
72.33353
72.22702
71.90341
71.04269
71.01138
70.35342
69.63821
69.17032
68.80069
68.42288
68.06253
67.47324
67.23904
67.26572
66.96793
66.93637
67.53049
67.87094
68.32651
68.54233
68.64462
69.50754
69.9744
71.0502
72.28867
73.24612
73.72012
74.27176
74.74576
75.45706
75.96652
76.70444
77.63559
77.83292
78.50302
78.91208
79.09598
79.96774
81.00204
81.82224
82.39383
83.12119
83.78922
84.71738
84.91904
85.44553
85.77444
86.13663
86.51987
87.35971
87.74557
87.89944
88.06308
88.67593
88.97433
89.43918
89.62485
89.64456
90.04404
90.1647
90.16061
90.63773
90.86282
90.58719
90.84036
90.80124
90.71365
90.73111
90.52469
90.78934
90.47232
90.4899
90.63437
90.3027
90.19846
89.75204
89.7327
89.85037
89.68698
89.50339
89.6705
89.69174
89.03793
88.77835
88.70718
88.29227
88.29135
88.06589
87.71909
87.92117
87.77243
87.5723
87.68027
87.19333
86.92758
86.70627
86.58511
86.37204
86.00748
86.00961
85.68533
85.52689
84.9075
84.90115
84.40616
83.95297
84.04971
83.75882
83.06424
82.59018
82.29135
82.14651
81.7601
81.43002
81.02219
81.16953
80.94901
80.58731
80.69479
80.7131
80.66995
80.49484
80.50723
81.00394
81.13455
81.33926
81.3801
81.86655
82.02921
82.74911
83.21475
83.29733
83.49405
84.24539
84.19693
84.3735
84.94315
85.11954
85.02646
85.90591
86.09213
86.62222
86.95572
87.50919
87.81607
88.04813
88.32553
88.68607
88.74661
89.18594
89.63052
89.89072
90.50882
90.74124
90.94388
91.27945
91.52719
91.41666
92.0264
91.96738
92.1326
92.48471
92.17215
92.41971
92.06516
92.29141
92.28903
92.26468
92.21793
92.14774
91.75424
91.62479
91.64572
91.18729
91.215
91.14297
90.67508
90.70084
90.38858
90.47348
90.35501
90.16
90.04404
89.88779
89.67038
89.31015
88.99173
89.26004
88.70554
88.74326
88.56015
88.52249
88.15073
87.79825
87.88809
87.60965
87.75717
87.27158
86.96609
86.7908
86.46701
86.06277
86.10611
85.96707
85.70908
85.82315
85.19724
85.21365
84.99539
84.69009
84.65738
84.32932
83.9725
83.73209
83.90494
83.21536
83.17813
83.26865
82.70602
82.94107
82.53268
82.50998
82.00052
82.86331
82.42508
82.43619
82.48172
82.78287
82.95078
83.40323
83.74661
84.09409
84.3544
84.82877
85.11765
85.58322
86.1871
86.22171
86.72037
86.90591
87.16299
87.43643
87.65457
88.11514
88.1962
88.31113
88.57224
89.06192
89.29825
89.88223
89.87918
90.33481
90.08627
90.35049
90.9725
91.24759
91.39017
91.61105
91.81509
91.73099
92.27939
92.40475
92.26321
92.40073
92.47751
92.24496
92.45126
92.00333
92.24686
92.05252
92.1716
92.1597
92.14053
91.9299
91.99551
91.69437
91.71866
91.73611
91.892
91.55899
91.55118
91.49118
91.48355
91.34402
91.08328
91.17618
90.80807
90.83609
90.74979
90.41397
90.17917
90.36563
90.08932
89.89133
89.91183
89.87558
89.71951
89.51633
89.28873
88.93344
88.74966
88.86966
88.9017
88.43839
88.45395
88.07065
87.7435
87.39218
87.36691
87.59561
86.8345
86.70462
86.59372
86.418
86.47665
86.24075
85.78073
85.62802
85.53226
85.21463
84.78769
84.62662
84.43582
83.84738
83.82858
83.88443
83.88712
83.70303
83.84061
83.97012
83.99753
84.44254
84.4407
85.04575
85.43997
85.21396
85.96164
86.13486
86.35629
87.10739
87.45718
87.8414
88.14035
88.63773
88.97983
89.26218
89.57547
90.12784
90.31857
90.57443
90.91702
91.20212
91.64468
91.59439
92.05649
92.31259
92.37869
92.34073
92.6315
92.7081
92.9238
92.75223
93.168
92.90323
93.12674
93.32034
93.39285
93.28036
93.64359
93.2471
93.46829
93.17117
93.21237
93.25803
93.0726
92.97116
92.76962
92.81082
92.58078
92.59464
92.29691
92.23386
91.93851
91.71365
91.78238
91.47647
91.37546
90.7684
90.70389
90.38895
90.46439
90.22775
89.90659
89.58365
88.92899
89.08841
88.60367
88.84061
88.4537
88.24637
88.15628
87.8649
87.35721
87.22214
87.06985
87.06046
86.83328
86.87314
86.51791
86.29276
86.29398
85.86081
85.36234
85.23001
85.2919
85.08328
84.61417
84.74142
84.21188
84.21518
83.79123
83.68472
83.44516
83.04697
82.99136
82.67813
82.23331
82.57626
82.52164
82.45486
82.5134
82.91037
83.07266
83.28531
83.11441
83.70181
84.0834
84.22318
84.51572
84.86032
85.31424
85.47409
85.95328
86.39291
86.71201
87.03897
87.43381
87.81735
88.02243
88.62418
88.54239
88.91751
89.15036
89.30197
89.75656
89.90396
90.07541
90.11642
90.44308
90.6041
91.00626
91.03775
91.20462
91.54373
91.68869
92.01443
92.13571
92.61404
92.44919
92.84604
92.52866
92.91391
93.00064
93.04764
92.72366
92.85373
92.94113
92.61227
92.83694
92.6315
92.48117
92.62076
92.47421
92.48697
92.39157
92.00742
91.84158
91.97647
91.72342
91.6091
91.3685
91.11496
91.34091
90.96451
90.55502
90.37234
90.22586
90.12003
90.29874
89.81174
89.55923
89.45584
89.20297
89.0054
88.94296
88.70114
88.3309
88.35342
87.85953
87.64035
87.7532
87.47055
87.28665
86.71835
86.94101
86.49069
86.26566
86.34061
85.63297
85.82297
85.27322
85.50943
85.2233
84.8967
84.96921
84.37027
84.24771
84.24637
84.04373
83.90469
83.34744
83.53641
83.64798
83.76315
83.71591
83.80978
83.95975
84.01712
84.18637
84.48209
84.82358
85.02444
85.36185
85.99466
85.92239
86.24606
86.57816
86.94058
87.46317
87.69644
88.11728
88.38669
88.5784
88.93967
89.47464
89.74942
89.92831
90.12576
90.18369
90.72397
90.96024
90.81747
91.09982
92.00632
91.57419
92.27042
92.32144
92.55466
92.58078
92.85599
93.15811
92.8298
93.28146
93.08871
92.91873
93.11972
93.40726
93.27139
93.48288
93.27133
92.92075
93.11319
93.0217
92.77853
92.70895
92.88931
92.48386
92.68051
92.46628
92.03867
91.83871
91.95975
91.60519
91.54941
91.37228
91.56284
91.07462
90.73318
90.57132
90.34634
90.3558
90.30045
89.98477
89.81601
89.59396
89.40018
89.27676
89.31827
88.69235
88.93442
88.46811
88.32547
88.01334
87.9852
87.89987
87.69974
87.16586
87.16269
86.76474
86.64755
86.29709
86.34683
86.24991
85.95914
85.45956
85.54752
85.52914
85.20193
84.75345
84.57657
84.55759
84.42435
83.97446
83.8389
83.78519
83.75626
83.69797
83.62802
84.17154
84.14505
84.16959
84.49612
84.55392
84.89236
84.91794
85.47775
85.7341
86.12802
86.556
86.68973
86.68802
87.28018
87.64194
87.92136
88.12143
88.41867
88.93594
89.61838
89.83517
89.91965
90.37253
90.70847
90.99399
91.07364
91.4285
91.69144
91.81326
91.9252
92.18991
92.96567
92.61649
93.13943
93.1821
93.23233
93.3027
93.54263
93.6066
93.77225
93.64639
93.77573
93.45499
93.61417
93.64334
93.69766
93.56125
93.44394
93.54099
93.14487
93.42728
93.3118
93.04172
92.79245
92.53995
92.80685
92.27298
92.41782
92.08395
91.87643
91.82529
91.4277
91.10745
91.19778
91.02469
91.056
90.59598
90.2803
90.39389
89.99844
89.96268
90.06918
89.51218
89.22226
89.17184
88.70792
88.57047
88.57382
88.37711
88.00797
88.17368
87.34879
87.30112
87.01559
86.76456
86.57138
86.76468
86.13962
86.18204
85.81131
85.84024
85.40518
85.37759
85.12167
84.60294
84.71445
84.74191
84.4122
84.01303
83.96658
83.90054
83.88095
83.62546
84.01834
83.97244
84.07394
84.20016
84.51468
84.96622
84.96457
85.27969
85.67416
85.70377
86.37405
86.76114
86.76486
87.36234
87.61502
87.48813
88.02292
88.30344
88.92459
88.69498
89.45645
89.44321
89.87204
89.98032
90.35184
90.45779
90.56381
90.87979
91.1022
91.43228
91.65115
91.97122
92.29465
92.08902
92.32602
92.73758
92.78293
92.75949
93.26828
93.18997
93.46292
93.19437
93.43314
93.57065
93.55356
93.32095
93.08896
92.97128
93.31589
93.04153
93.01328
93.19217
92.66324
92.76126
92.59726
92.64603
92.35098
92.07571
92.0538
91.91989
91.81509
91.54086
91.4249
91.39548
90.9921
90.82626
90.81174
90.38321
90.49997
90.11069
90.1185
89.96066
89.62015
89.38449
89.0549
89.06686
88.94547
88.7269
88.60129
88.1268
88.07407
87.62308
87.74692
87.29587
87.30417
86.85794
86.6525
86.57785
86.47635
86.491
85.85287
85.91391
85.17532
85.23544
84.83054
84.85269
84.65414
84.4313
84.38492
84.0759
84.02444
84.09518
84.49979
84.47635
84.53561
84.72958
84.72592
85.04227
84.99515
85.39108
85.63852
85.99075
86.27133
86.54697
86.85849
87.3317
87.44858
87.70682
88.11569
88.36008
88.58255
88.9758
89.24973
89.72165
89.63321
90.18912
90.5538
90.80173
90.78574
90.97922
91.56711
91.88986
91.90793
91.8931
92.38559
92.8591
92.78165
92.88937
93.43961
93.3895
93.68179
93.26828
93.57877
93.80136
93.52249
93.6254
93.82962
93.41745
93.42496
93.65768
94.13498
93.43112
92.94901
93.48416
93.35019
93.11673
92.89932
92.92142
93.07474
92.46365
92.49149
92.31027
92.29153
92.06381
91.72305
91.34018
91.57053
91.44589
90.89987
90.86533
90.83194
90.71683
90.3602
90.18692
89.74033
89.87875
89.71866
88.99692
89.02817
88.72556
88.72696
88.72983
88.12527
88.04025
87.70914
87.75052
87.28311
87.10416
86.94046
86.72415
86.66763
86.44357
86.13431
85.83481
85.7186
85.63791
85.44797
85.16751
84.89639
84.56204
84.53586
84.26157
84.06949
84.45847
84.24722
84.10104
84.00803
84.18997
83.95334
84.56607
84.71811
85.0101
85.06039
85.59586
86.13608
86.81839
86.88467
86.90201
87.61533
87.90408
88.65396
88.84793
89.28226
89.54117
89.73599
89.9075
90.47885
90.78671
91.28232
91.53751
91.97696
91.85812
92.17691
92.62491
92.68887
92.99582
93.22922
93.49789
93.82468
93.75345
93.86423
93.83652
93.74667
94.03537
93.78787
94.05185
94.35684
94.07999
93.90494
93.99783
94.26205
94.03427
93.73911
93.65018
93.57413
93.86612
93.62234
93.65176
93.00314
93.09457
92.7103
92.85843
92.75009
92.20987
92.26767
92.26987
92.07364
92.00778
91.75107
91.54129
91.57138
91.25259
91.10342
90.76535
90.90781
90.62082
90.45425
90.06528
90.15683
89.65103
89.54788
89.0831
88.93649
89.14798
88.57333
88.35257
88.27701
88.27444
87.79111
87.60507
87.46927
87.15036
87.05466
86.82425
86.40848
86.16922
86.07986
85.81485
85.64487
85.55484
85.27335
84.93069
84.5596
84.3187
84.2178
84.43527
84.15298
83.98209
83.96402
84.09366
84.26547
83.87894
84.19205
83.99606
84.28757
84.70456
84.6821
84.98624
85.14511
85.8942
86.02823
86.17056
86.60727
86.8884
87.18204
87.68784
87.77737
88.31888
88.45419
88.79636
88.99704
89.40659
89.72037
89.84988
90.3168
90.4772
90.93027
90.8251
90.98599
91.44461
92.04398
92.07248
92.25204
92.88852
92.62772
93.37234
93.43594
93.38571
93.52304
93.78958
93.88596
93.74014
94.04514
94.0834
93.65176
94.09512
94.02591
93.69229
93.76242
93.67728
93.60422
93.65256
93.38162
93.09726
93.07346
92.8345
93.03708
92.75516
92.51059
92.49179
92.09329
92.01559
91.99319
91.51523
91.63101
91.78775
91.25369
91.30215
90.77048
90.60648
90.38852
90.59116
90.32968
89.79691
89.62344
89.63388
89.69461
89.31454
89.12906
88.71475
88.67593
88.54251
88.30551
88.32822
88.11807
87.78976
87.72177
87.48294
87.04507
86.78891
86.66733
86.32968
86.31351
86.15085
86.2327
85.42319
85.79239
85.43338
85.18265
84.8519
84.51901
84.67685
85.06564
84.81406
85.08212
84.95108
85.24008
85.55612
85.69717
85.85599
86.05472
86.7117
86.97794
87.45938
87.48257
87.87552
88.62442
88.79459
89.06491
89.06406
89.44363
90.16
90.20511
90.30692
90.85184
91.07962
91.1666
91.64072
91.62149
91.74985
92.10416
92.42368
92.40024
92.54105
92.68771
93.06589
92.6749
93.26102
93.26083
93.4639
93.62308
93.91403
94.07346
93.84201
93.95181
93.92612
94.09647
93.99783
93.61984
94.03482
93.89493
93.8829
94.15683
93.85764
93.65341
93.51541
93.45047
93.49124
93.25809
93.23209
93.01987
92.97763
93.01572
92.68881
92.62222
92.34451
92.0798
92.21201
92.12509
91.66562
91.72549
91.41757
91.38657
91.57065
90.91611
90.45401
90.80734
90.38559
90.63773
90.03403
90.05319
89.7587
89.56912
89.36667
89.27048
89.16977
88.95291
88.73581
88.27127
88.34171
88.37289
87.89017
87.74509
87.61606
87.37265
87.36484
87.0621
86.96091
86.69394
86.36185
86.61789
86.26138
86.23636
85.80008
85.72397
85.82431
86.1373
86.51743
86.56772
86.65103
86.92001
87.50003
87.72476
87.76352
88.05783
88.21225
88.68118
88.94846
89.51437
89.85916
89.98862
90.11618
90.26675
90.87466
90.97983
91.21725
91.22226
91.39987
91.85483
91.79568
92.41751
92.20041
92.56564
92.63754
93.22031
92.92099
93.12894
93.34885
93.43332
93.91647
93.68857
94.00522
94.21048
94.33224
94.25626
94.34799
94.2504
94.39188
94.55185
94.43961
94.33121
94.2963
94.19717
94.15915
94.22867
94.11575
94.14078
93.91336
93.69589
93.65707
94.04599
93.76901
93.40457
93.45114
93.19223
93.32663
93.15665
92.91891
92.75504
92.69766
92.49338
92.6882
92.40573
91.97037
91.90555
91.78934
91.47812
91.33414
91.09531
91.2822
90.88541
90.84219
90.64554
90.34268
90.09354
89.81021
89.77316
89.7269
89.72495
89.27304
89.12442
88.92123
88.68204
88.68558
88.14841
88.27994
88.03403
88.0386
87.77615
87.56998
87.30856
87.24704
87.05197
87.07742
86.83908
86.57785
86.63339
86.27524
86.28885
86.26877
86.20651
86.7764
86.34695
86.73325
86.73874
86.81137
86.75949
87.08853
87.17056
87.78207
87.69339
88.16837
88.59744
88.70132
89.17679
89.38901
89.5704
89.93509
90.16263
90.2728
90.53848
90.92075
90.93613
91.53824
91.50162
91.69852
91.51895
92.27304
92.33957
92.55551
93.01346
93.18777
93.30106
93.49454
93.67282
93.6041
93.54343
94.18759
93.92294
93.84372
94.32425
94.3074
94.12753
94.19583
94.33243
94.41135
94.3367
94.49368
94.19449
94.27988
94.048
94.05765
94.24576
94.0062
93.71652
93.81058
93.78378
93.50906
93.52139
93.23996
93.20297
93.38828
93.17996
92.71829
92.72818
92.54861
92.60843
92.40506
91.92026
92.39493
92.33383
91.97934
91.84268
91.20645
91.5621
91.48972
91.45767
91.01065
90.70218
90.78677
90.95309
90.68503
90.15903
90.23831
89.90567
89.75931
89.65121
89.51358
89.49966
89.2988
89.048
88.68875
89.04733
88.50937
88.2587
88.28195
88.29611
88.11172
87.76682
87.3602
87.48605
87.15195
87.40604
87.3511
87.57944
87.29178
87.47672
87.80704
87.74271
88.13608
88.46225
88.50833
89.15347
89.27768
89.36606
89.30783
89.81882
90.03415
90.24045
90.01474
90.53152
90.80045
91.02768
91.16611
91.40207
91.61636
91.5585
91.76291
91.79837
92.14511
92.44174
92.64499
92.97946
93.14328
93.1738
93.24899
93.36923
93.56857
93.7164
94.05844
94.05978
94.14944
94.27579
94.24832
94.29721
94.8381
94.54025
94.30832
94.6871
94.35355
94.36258
94.13925
93.93082
94.24277
93.95633
93.931
93.97055
93.96506
93.91684
93.64273
93.5762
93.35922
93.41824
93.45145
93.00327
92.73318
92.68845
92.76291
92.6431
92.26419
92.4169
92.06949
92.08548
91.80838
91.49075
91.66562
91.45828
91.41946
91.16177
90.70346
91.04593
90.48441
90.61398
90.42038
90.14688
90.08707
89.60446
89.56363
89.45895
89.39786
89.22006
88.91409
88.84195
88.67233
88.30325
88.14749
88.10861
88.22696
87.80441
87.33981
87.44498
87.19626
87.02304
86.61929
86.78165
86.72183
86.72946
86.54056
86.59952
86.97397
87.34952
87.06491
87.2692
87.30472
87.76425
87.98233
88.26492
88.47141
88.78195
89.19589
89.21988
89.56497
90.03159
89.87314
90.17953
90.43069
91.2576
90.8461
91.49838
91.8909
91.98434
92.0444
92.24838
92.55753
92.66995
92.97134
92.8143
93.22916
93.80161
93.75803
93.9285
94.07999
94.43759
94.56223
94.55191
94.71671
94.86136
94.4313
95.24619
94.68411
95.27567
95.15842
95.21896
95.22348
95.24051
94.99448
95.32639
95.01431
94.83987
95.14865
95.05228
95.07883
95.06534
94.57309
94.62552
94.68576
94.3934
94.55118
94.54996
94.3602
94.28513
94.30093
94.12857
93.83047
93.89731
93.6716
93.2366
93.43442
93.13583
92.92545
92.79166
92.95395
92.64316
92.17282
92.30295
92.26553
91.74258
91.55685
91.74356
91.05862
91.10306
90.92947
90.56772
90.75797
90.49533
90.42795
90.22733
89.94919
89.79288
89.66592
89.57169
89.16849
89.14413
88.97543
89.05209
88.76822
88.55869
88.10007
88.49838
88.66904
88.20956
88.46512
88.46732
88.54282
89.24161
89.28067
88.97757
89.33115
89.8342
90.05789
90.09128
90.5314
90.6384
90.94205
91.42081
91.53836
91.52493
92.0032
92.3013
92.47775
92.61801
92.82028
92.85178
92.83792
93.2659
93.47672
94.03238
93.97647
93.97226
94.07693
94.25839
94.48196
94.19968
94.52438
94.58817
94.96121
94.8837
94.65921
94.88651
94.74857
94.83664
94.75137
94.62234
94.55081
94.45645
94.69223
94.45718
94.33255
94.40286
94.41592
94.34634
93.88156
94.44022
93.80984
93.65561
93.70975
93.4415
93.34567
93.51651
93.03983
92.75504
93.1398
92.6741
92.48178
92.11868
92.33902
92.21237
91.90439
91.56015
92.00919
91.3757
91.31619
91.01682
90.88278
91.15018
90.88358
90.31595
90.32724
89.9888
89.86679
89.67111
89.69266
89.24655
89.34213
89.18912
89.1246
88.87686
88.60159
88.18991
88.4971
88.12863
88.04538
87.82608
87.77792
87.30948
87.08133
87.09714
87.15347
86.60806
86.62106
86.8956
86.79977
86.83481
86.79288
87.1528
87.01797
86.87082
87.11697
87.14053
87.94894
87.87161
87.97836
88.47018
88.634
89.15048
89.13412
89.71866
89.30502
90.10666
90.0148
90.54227
90.69662
90.80563
91.14792
91.42422
91.56607
91.9501
92.28659
92.43948
92.58963
93.18643
92.95926
93.05008
93.74014
93.36398
93.68307
93.78696
93.60526
94.1138
94.20786
94.37723
94.5549
94.48251
94.40189
94.49954
94.3063
94.4949
94.24252
94.4816
94.10129
94.30679
94.29202
94.19516
94.10062
93.69876
93.92447
93.77725
93.44974
93.46164
93.69199
93.48148
93.18954
92.73447
92.83774
92.6171
92.2374
92.30771
92.08548
92.27481
92.01901
91.86984
91.6431
91.33755
91.27567
91.06778
91.11411
90.81406
90.57303
90.51053
90.34103
90.25479
89.73593
89.9136
89.85696
89.54935
89.59476
89.50418
89.33713
89.01218
89.09164
88.52554
88.65945
88.36319
88.21561
88.06247
87.84421
87.38089
87.40842
87.23111
87.34164
86.82217
86.89737
86.60861
86.71957
86.59238
86.62601
86.63925
86.6846
86.84366
86.67557
86.7377
86.97086
87.05588
87.92538
87.83835
88.11526
88.5997
89.02072
88.89554
89.28836
89.75809
89.85037
90.24277
90.23581
90.70462
90.87704
91.33145
91.64493
91.78641
92.13907
92.18124
92.42233
92.59225
92.79745
92.8671
93.24161
93.31839
93.5629
93.72281
93.96078
93.98367
93.96487
94.41672
94.49539
94.29074
94.4534
94.40646
94.5195
94.57468
94.71054
94.69955
94.45084
94.37161
94.59842
94.3356
94.72116
94.29556
94.55356
93.8826
94.00504
93.93759
94.03867
93.97092
93.56125
93.56827
93.06064
93.38187
93.18314
92.93283
93.00052
92.62741
92.41757
92.70053
92.26059
91.83127
91.85104
91.90292
91.58597
91.74026
91.44693
90.98837
91.13278
91.09146
90.74588
90.55356
90.27444
90.1268
90.41171
90.07932
90.0878
89.86557
89.43735
89.38113
89.29245
89.12192
89.08884
88.78036
88.75363
88.44766
87.96909
88.2327
88.14224
87.76028
87.91855
87.6221
87.52408
87.38754
87.36734
87.36551
87.5463
87.25101
87.61783
87.84921
88.16776
88.50662
88.90524
89.00845
89.23856
89.77316
90.20108
90.35245
90.84378
91.47403
91.45712
91.59628
91.99557
92.39993
92.66617
92.57529
93.32993
93.15128
93.52493
93.64371
94.20212
93.94675
94.68997
94.24283
94.29782
94.6199
94.74197
94.95169
95.02408
95.11905
95.0596
95.22397
95.33664
95.43198
95.27109
95.6785
95.5903
95.73434
95.43539
95.5834
95.38803
95.48788
95.09775
94.75937
94.98813
95.11362
95.17447
94.66879
94.83408
94.80392
94.41666
94.3038
94.05649
93.93912
93.92343
93.58939
93.63474
93.43362
93.52805
93.1409
93.20023
93.02835
92.91068
92.8588
92.44016
92.81393
92.09219
92.15622
92.39157
92.08481
92.10104
91.88602
91.39572
91.65799
91.0322
91.05789
91.06009
90.95847
90.74869
90.72617
90.5563
90.58176
90.30087
90.10953
89.68985
89.89291
89.30441
89.40231
89.12894
89.15518
89.13071
89.01578
88.58041
88.37753
88.39615
88.10129
88.13144
87.94247
88.04446
87.85648
87.52402
87.95761
87.84402
87.86087
88.20822
88.31467
88.62167
88.85574
89.01297
89.09647
89.51254
89.76529
90.08951
90.129
90.59158
90.89474
91.27139
91.5892
92.00204
91.83377
92.26163
92.45724
92.98349
93.12338
92.86331
93.2388
93.41385
93.58176
93.40152
93.58963
93.63931
94.25894
94.23929
94.45016
94.35751
94.31149
94.63303
94.43521
94.55563
94.54538
94.99252
94.66104
94.92795
95.05624
94.87039
94.70731
94.94345
94.71243
94.89725
94.91043
94.78207
94.85953
94.82999
94.47366
94.28372
94.16837
94.33652
93.90866
93.89493
93.98288
93.45651
93.41525
93.18832
93.35635
93.12503
92.89529
92.61685
92.64536
92.47391
92.2468
92.06741
92.28104
92.17654
91.60739
91.88058
91.78482
91.48343
91.56229
91.54758
91.1683
91.1041
91.1265
90.63101
90.53995
90.51767
90.45865
90.41733
89.98441
89.68253
89.94846
89.5596
89.60324
88.98843
89.03165
88.63113
88.70847
88.55319
88.25961
88.01205
87.6022
88.0687
87.98636
88.02145
87.94553
88.44937
88.31778
88.48618
88.75986
88.71927
88.70682
89.2305
89.36838
89.65262
89.89938
90.00516
90.13858
90.25888
90.48965
90.93314
91.05197
91.25101
91.7515
91.78122
92.16013
92.0145
92.69858
92.75235
92.90079
92.85941
93.20004
93.58646
93.45657
93.98587
94.06961
94.05746
94.37082
94.56009
94.28555
94.4866
94.73001
95.05295
94.84818
94.91562
94.82773
94.78592
94.84293
95.18185
94.82144
94.88614
95.02512
94.87375
94.64017
94.66708
94.55173
94.48532
94.4053
94.42123
94.39853
94.33109
93.89304
93.79337
93.69113
93.85886
93.81912
93.35623
93.44003
93.32101
93.07108
92.94162
93.04654
92.65598
92.2908
92.64609
92.35806
92.00931
92.03635
92.05814
91.71524
91.53244
91.36819
91.13113
91.09799
90.8577
90.84909
90.78568
90.53989
90.46841
89.89145
89.90158
89.99509
89.81973
89.38913
89.43332
89.50626
88.93668
89.18399
89.15445
88.44998
88.77225
88.43466
88.50064
88.03275
87.94193
87.70383
88.29355
87.61203
88.00595
87.81021
87.85678
88.14145
88.24783
88.42014
88.34775
88.90799
89.18631
89.41275
89.44913
89.74973
89.76529
90.20474
90.58609
90.72305
90.87247
90.99399
91.22708
91.64676
91.84348
91.80881
92.43314
92.84573
92.918
93.1387
93.66367
93.48367
93.88345
93.86191
93.72867
94.02634
93.98331
94.56723
94.71542
94.61026
94.68185
94.91708
94.98892
94.60776
94.9368
94.62619
95.00278
94.84891
94.61624
95.01859
94.86057
94.91434
94.89029
94.74045
95.1149
94.72513
94.61057
94.6763
94.50723
94.37131
94.18259
94.13589
94.29471
93.91867
94.03024
93.67087
93.61746
93.54086
93.07932
93.05515
93.07376
93.0864
92.64658
92.58224
92.43338
92.40976
91.9241
92.1312
91.51266
91.60397
91.83633
91.34012
91.24112
91.23221
91.05051
90.60342
90.67929
90.47171
90.24649
90.16055
89.6124
89.99643
89.71866
89.73843
89.23795
89.02628
88.92728
88.95328
88.90482
88.57706
88.65836
88.56534
88.06772
87.8096
88.20523
88.12888
87.7421
87.80405
87.74918
88.1998
88.43344
88.48367
88.50815
88.90878
89.11624
89.51529
89.64114
90.10574
90.31204
90.85019
91.05942
91.48489
91.54691
91.88608
92.38034
92.06052
92.11691
92.50107
92.51389
92.98672
93.16031
93.09341
93.28549
93.43686
93.86801
93.97653
93.92111
94.07999
94.20975
94.61514
94.2225
94.69083
94.79483
94.62827
94.78799
94.97427
95.06003
95.22635
94.62924
95.26315
94.86386
94.8754
94.69827
94.45499
94.8699
94.69742
94.82211
94.77383
94.41855
94.62082
94.40707
94.23984
93.89883
93.55301
93.38162
93.39499
93.57407
93.27798
93.15659
93.11063
92.86514
92.74722
92.66275
92.61526
92.29001
92.33621
92.09109
91.97757
91.82333
91.88651
91.47891
91.39725
91.06552
91.05435
90.90067
90.75656
90.57278
90.37698
90.29794
90.22946
89.92801
89.92172
89.82748
89.57962
89.29855
89.28506
88.94376
88.82303
88.55301
88.48935
88.54251
87.84946
87.90262
88.38596
87.82071
87.19968
87.50748
87.17709
86.97311
87.03238
86.88797
87.07437
87.24081
87.19766
86.8801
87.62466
87.79532
87.9686
88.18509
88.41415
88.26254
88.60385
88.79257
88.92429
89.58029
89.92996
89.87314
90.58524
90.34415
90.88602
90.89584
91.63943
91.7009
91.92551
91.5798
92.17526
92.66641
92.66959
92.80051
93.26273
93.04251
93.5994
93.49893
93.60031
94.16916
94.21933
94.09232
94.54971
94.68954
94.65146
94.45804
94.73477
94.83823
94.77628
95.16251
94.82675
94.91141
94.61398
94.96152
94.85611
94.57968
94.60202
94.49545
94.82101
94.48044
94.41916
94.1149
94.0665
94.11789
93.96304
93.96463
94.09964
93.63791
93.43954
93.38864
93.59909
93.30045
92.99503
92.94186
92.53915
92.43137
92.44302
92.49356
92.0585
91.80563
91.853
91.77756
91.39719
91.21078
91.26083
91.10977
91.01028
90.97092
90.72983
90.47971
90.32498
90.09683
89.80313
89.68161
89.88931
89.49368
89.16635
89.05344
89.12149
88.68039
88.61868
88.78409
88.29703
88.28824
88.27475
87.79575
87.59494
87.53812
87.91135
87.76889
87.69034
87.95847
87.87643
88.27847
88.43509
88.59012
88.86368
88.95053
89.48917
89.96048
90.23477
90.40402
90.42337
90.84433
91.09415
91.47543
91.7164
91.80209
92.17075
92.0947
92.62033
92.47678
92.72195
92.47275
93.18289
93.16354
93.31827
93.53293
93.38431
93.84146
93.87692
93.87344
94.26035
93.76529
94.04611
94.37405
94.26913
94.42972
94.38779
94.56033
94.81644
94.34116
94.70126
94.36496
94.94229
94.60355
94.59207
94.73862
94.23209
94.28055
94.34531
94.08609
94.11362
94.07333
94.32211
94.03574
93.72812
93.6174
93.64145
93.42575
93.43332
93.39224
93.02573
93.22141
93.16214
92.83212
92.59097
92.6965
92.51181
92.08481
92.20242
91.97159
92.00766
91.96329
91.89139
91.62119
91.56467
91.26529
91.33652
90.84189
90.68619
90.73331
91.06564
90.37228
90.32339
90.18735
90.23166
89.8959
89.83566
89.51651
89.38864
89.63516
89.05594
88.92062
89.08438
88.43082
88.58932
88.51169
88.05301
88.14108
88.14114
88.26718
88.1669
88.13736
88.09067
88.43356
88.40091
88.5452
88.92209
89.4133
89.56161
89.56522
89.65341
90.17062
90.1752
90.26346
90.61655
91.15305
91.11905
91.37766
91.44205
91.41983
91.87009
92.27188
92.47348
92.47946
92.746
92.80984
93.30838
93.21347
93.40311
93.75864
93.98495
93.6666
93.64218
93.95108
94.24008
94.19205
94.39407
94.61331
94.39413
94.74124
94.61935
94.76169
94.70804
95.0015
94.74277
94.7449
94.76254
94.871
94.51553
94.84897
94.73996
94.70242
94.50699
94.24435
93.96231
94.10306
93.93674
93.67075
93.83792
93.45029
93.47672
93.5159
93.11288
92.90347
92.86996
92.89603
92.86594
92.91727
92.44113
92.56259
92.30032
91.99515
91.61172
91.42471
91.49185
91.28677
91.12589
91.02798
90.8035
90.60977
90.42087
90.43967
90.26041
89.56479
89.59958
89.77438
89.51212
89.52469
89.30936
89.3732
88.99435
88.55484
88.7388
88.34842
88.46628
88.01047
88.04257
87.95712
87.82272
87.55325
87.51956
87.31625
87.52737
87.36533
87.3613
87.05838
87.1608
87.4595
87.52823
87.65164
87.6575
87.99106
87.99545
88.15982
88.34085
88.50967
88.72458
89.14438
89.1171
89.241
89.65158
90.30704
90.4913
90.66165
90.98996
91.71762
91.80722
91.92667
92.14505
92.22281
92.74985
93.06021
92.96732
93.00504
93.37711
93.68893
93.71237
93.62497
94.11807
94.2233
94.41946
94.40726
94.17062
94.28909
94.4144
94.60538
94.16611
93.94119
93.59921
93.4675
93.59775
93.07858
93.14078
93.33524
92.8569
93.21762
93.37131
93.13602
93.15695
93.09122
93.01077
93.09842
92.80191
92.89597
92.67026
92.74417
92.87131
92.21884
92.21652
92.25851
92.10965
91.90714
91.8707
91.87302
91.5145
91.36966
91.56229
91.54495
91.22141
91.06741
91.16135
90.91202
90.75186
90.39481
90.37003
90.53329
89.87717
89.91501
89.62906
89.37033
89.25034
89.29208
89.04825
88.86606
88.82516
88.50833
88.61563
88.34464
88.54623
88.07803
88.13986
87.98611
87.746
87.87796
87.40012
87.37692
87.08145
87.07339
87.19327
87.00833
87.05582
87.3237
86.89029
87.43503
87.45328
87.96036
88.01047
88.17911
88.57187
88.41068
88.92178
89.13467
89.5087
89.73026
89.75827
90.29092
90.44254
90.98032
91.06778
91.39774
91.68387
91.66086
92.04605
92.09933
92.47226
92.70724
93.07059
93.04324
93.40359
93.15952
93.54361
93.42886
93.8226
93.72092
93.9556
93.84708
94.06845
94.38528
94.36453
94.58072
94.17252
94.36191
94.2551
94.60397
94.28171
94.50723
94.08517
94.08572
94.25729
94.28812
93.98489
94.03867
94.08517
93.96835
94.18283
93.77676
93.85922
93.39224
93.39206
93.33554
93.22897
93.10812
93.05179
93.16068
92.63779
92.39041
92.05478
92.48135
92.02487
92.31741
91.99094
91.92343
91.66226
91.56644
91.56955
91.40805
91.32657
91.24356
91.13333
90.99112
90.59445
90.29086
90.08835
90.0878
89.7988
89.91116
89.73068
89.49258
89.20798
89.04233
88.60721
88.52963
88.5043
88.65036
88.25259
87.88742
87.65237
87.5441
87.44058
87.36636
87.50906
87.57596
87.24765
87.23355
87.56845
87.55045
87.62393
87.79489
88.06827
88.207
88.43411
88.5596
88.83011
89.0546
89.39841
89.82236
90.06546
90.38406
90.30435
90.82962
91.37589
91.32394
91.63309
91.93674
91.75888
92.16806
92.5596
92.47208
92.88412
93.06039
93.19321
93.4357
93.50137
93.64078
93.6777
94.21384
94.24271
94.1929
94.61081
94.30264
94.17252
94.5029
94.41293
94.75375
94.96695
94.73679
94.79459
94.76474
94.60294
94.42337
94.52377
94.11478
94.55148
94.31686
94.33127
94.1666
94.08066
94.15866
93.94919
93.76901
93.47958
93.82187
93.41965
93.42758
93.34659
93.06693
92.93533
92.91245
93.01205
92.76712
92.40286
92.48734
92.06699
92.06131
91.99948
91.94034
91.9299
91.70547
91.49704
91.60123
91.21579
91.13693
91.40121
90.88364
90.49979
90.81546
90.46964
90.50668
90.11404
89.8652
89.73532
89.82303
89.32944
89.48813
89.48965
89.32071
89.03506
88.63559
88.3801
88.44656
88.75754
88.32724
88.2811
88.19302
88.07132
88.22977
88.00186
88.4838
88.33542
88.33426
89.00107
88.82071
89.04422
89.36551
89.76175
89.98752
90.15817
90.36008
90.44528
90.86343
90.95456
91.34573
91.45029
91.90024
91.73471
92.28018
92.02036
92.57675
92.56845
92.86429
93.13254
92.99875
93.2388
93.47336
93.67984
93.83353
93.75717
94.1019
94.33237
94.65012
94.46591
95.04727
94.93094
94.90292
95.08932
94.95816
94.99417
94.85977
94.99478
95.15781
94.96957
95.25003
94.89841
94.62924
94.82889
94.83823
94.39554
94.7225
94.49277
94.53262
94.75558
94.4642
94.33109
93.90189
93.71323
93.79153
93.3688
93.77646
93.63394
93.23917
93.35538
93.17899
92.95883
92.96884
92.88998
92.45041
92.71597
92.29416
92.12381
92.0137
91.8425
92.08304
91.80515
91.71439
91.4653
91.43784
91.07742
90.79996
90.84714
90.79996
90.0441
90.4523
90.41855
90.0834
89.71487
90.00253
89.33054
89.31973
88.97653
88.90793
89.12607
88.98111
88.46219
88.47549
88.3204
88.03506
88.13162
88.08163
88.01157
88.22446
88.10934
88.30325
88.56308
88.9213
88.77811
89.04385
89.19308
89.43954
89.67526
89.91196
90.17429
90.22397
90.48947
90.71005
91.20309
91.27896
91.53061
91.59885
91.8074
92.24979
92.25778
92.45761
92.68924
93.16208
92.84445
93.21701
93.56284
93.87357
93.90414
93.84451
94.03207
94.19357
94.23373
94.65567
94.60849
94.71146
94.46451
95.0209
94.82913
94.73172
94.7789
95.0181
95.0867
95.17874
94.98416
94.69815
95.24844
94.60092
95.05466
94.52658
94.88516
94.53671
94.80118
94.53244
94.49051
94.63052
94.29471
94.13284
94.28476
94.00558
93.58463
93.59427
93.6976
93.52145
93.43759
93.42569
93.33896
93.26761
92.91379
92.90817
92.82352
92.93143
92.37747
92.30667
92.46286
91.84958
92.04849
92.08578
91.60104
91.75699
91.61862
91.38022
91.13956
90.88571
90.71609
90.29233
90.49539
90.28378
89.75449
89.95389
89.65286
89.56631
89.93796
89.2966
89.53348
89.09171
88.98947
88.85037
88.98544
88.47488
88.74783
88.36429
88.67447
88.41818
88.3671
88.38858
88.37106
88.27652
88.44601
88.54684
88.40005
88.63321
88.54099
88.77896
88.88651
89.49326
89.50919
89.793
89.85391
89.89682
90.25467
90.44217
90.85312
91.01859
91.46817
91.58975
91.96494
92.43539
92.32773
92.96463
92.70004
92.95883
93.34006
93.58401
93.68924
93.78091
93.90958
93.76944
94.49576
94.38339
94.22958
94.48721
94.3884
94.52005
94.51694
94.84995
94.86465
94.8262
95.00357
94.871
95.03256
95.20291
94.7753
94.6633
94.73154
94.53891
94.55069
94.3154
93.97421
94.35696
93.99747
94.19046
93.96475
93.94199
93.33237
92.9675
93.09952
92.85825
92.63406
92.74673
92.34085
92.37704
91.94681
91.90677
91.72177
91.81845
91.50003
91.47775
91.15451
91.42239
91.07706
90.76212
91.06723
90.82755
90.75778
90.62741
90.28616
90.3035
90.15512
89.93948
90.05746
89.82077
89.32907
89.91647
89.12247
89.17227
88.73917
88.92679
88.7059
88.5209
88.49796
88.27646
87.9249
88.08206
88.16647
87.71939
87.84341
87.84286
88.1752
87.98911
87.78928
88.40561
88.2283
88.58176
88.40891
88.98227
88.90659
89.43552
89.58701
89.78555
89.9014
90.27487
90.51663
90.86954
90.996
91.202
91.43472
91.48904
91.98911
92.36581
92.52866
92.63638
92.66757
93.23544
93.52249
93.26205
93.897
93.53989
93.99197
93.97916
94.30746
94.16721
94.57022
94.51541
94.80746
94.74619
94.55618
94.72702
94.79288
94.78854
94.91611
94.93649
94.77383
94.92874
95.12759
95.04941
94.73911
94.66898
94.84024
94.35666
94.61893
94.41043
94.21841
94.46652
94.52579
94.19778
94.23154
93.99643
94.07925
94.05435
93.84616
93.62076
93.38419
93.34317
93.00333
93.34409
93.02298
92.99606
92.87173
92.73441
92.4841
92.55014
92.19949
91.93771
91.86258
91.24588
91.27762
91.14615
91.00882
90.82822
90.58774
90.42502
90.01981
89.81906
89.84274
89.58127
88.90366
89.26706
88.72983
88.51968
88.68369
88.72916
88.26468
88.13644
88.23795
88.01541
87.75546
87.51987
87.72006
87.66415
87.66617
87.46274
87.69376
88.01285
88.00821
88.12204
88.15012
88.50443
88.58536
88.58633
88.57999
89.0184
89.50742
89.37637
89.68991
90.10788
90.2164
90.70316
90.89005
90.74075
91.13492
91.27469
91.30643
91.68033
91.9249
91.80508
92.2532
92.28275
92.72293
93.02951
93.2728
93.43503
93.436
93.54861
93.89377
93.79227
94.23026
93.95218
94.03049
94.38431
94.22305
94.33481
94.50333
94.22525
94.75314
94.52383
94.70792
94.92654
94.75266
94.49991
94.49429
94.54007
94.86984
94.88907
94.74417
94.74435
94.77371
94.52682
94.61557
94.61783
94.44138
94.31534
94.06882
94.3923
94.10562
94.01553
94.06473
93.99435
93.74625
93.65329
93.6636
93.52628
93.27011
93.68399
93.52634
93.17068
93.03958
93.15036
92.90488
93.08829
92.84012
92.6467
92.95694
92.29349
92.22391
91.92813
92.11948
91.83652
91.50912
91.42984
91.71756
91.32443
91.37631
91.01065
90.8038
90.69315
