0	94.31235
0.25	94.11716
0.5	94.28824
0.75	94.26913
1	94.62344
1.25	94.63187
1.5	94.41922
1.75	94.31766
2	94.4158
2.25	94.43808
2.5	94.31381
2.75	94.21793
3	94.44925
3.25	94.38809
3.5	94.616
3.766666667	94.36899
4.016666667	94.53635
4.266666667	94.67624
4.516666667	94.48227
4.766666667	94.7045
5.016666667	94.57986
5.266666667	94.40402
5.516666667	94.74655
5.766666667	94.55331
6.016666667	94.78665
6.266666667	94.91177
6.516666667	94.61142
6.766666667	94.83163
7.016666667	94.77127
7.266666667	94.77518
7.516666667	94.70322
7.766666667	94.61093
8.033333333	94.31985
8.283333333	94.4874
8.533333333	94.74234
8.783333333	94.74112
9.033333333	94.49765
9.283333333	94.35995
9.533333333	94.41861
9.783333333	94.18399
10.03333333	94.35849
10.28333333	94.3356
10.53333333	94.00436
10.8	94.20627
11.05	94.11154
11.3	93.93057
11.55	93.61411
11.8	93.66196
12.05	93.23904
12.3	93.22342
12.55	92.62619
12.8	92.53152
13.05	92.0361
13.31666667	91.68057
13.56666667	91.23196
13.81666667	90.72678
14.06666667	90.19186
14.31666667	89.86282
14.56666667	89.44913
14.81666667	88.86972
15.06666667	88.34671
15.31666667	87.87833
15.56666667	87.37009
15.81666667	87.06314
16.06666667	87.23618
16.31666667	86.57278
16.56666667	86.50009
16.81666667	85.82303
17.06666667	85.39066
17.31666667	85.21243
17.58333333	84.63968
17.83333333	83.89249
18.08333333	83.87558
18.33333333	83.65054
18.58333333	83.3287
18.83333333	83.05807
19.08333333	82.48868
19.33333333	82.29349
19.58333333	81.582
19.83333333	80.97165
20.08333333	80.58279
20.33333333	80.27847
20.58333333	79.33163
20.83333333	79.05704
21.08333333	78.86429
21.35	78.06363
21.6	77.73532
21.85	77.49008
22.1	77.13937
22.35	76.52768
22.6	76.496
22.85	75.92172
23.1	75.20505
23.35	74.89987
23.6	74.73074
23.85	74.37753
24.1	73.81253
24.35	73.37741
24.6	73.04324
24.85	72.52835
25.1	72.10147
25.35	71.93527
25.6	71.44028
25.85	71.16336
26.1	70.72275
26.36666667	70.27621
26.61666667	69.82004
26.86666667	69.95041
27.11666667	69.76218
27.36666667	69.85098
27.61666667	70.18393
27.86666667	70.39059
28.11666667	71.03384
28.36666667	71.76883
28.61666667	72.26028
28.86666667	72.97836
29.11666667	73.7366
29.36666667	74.63705
29.61666667	75.66074
29.86666667	76.66794
30.13333333	77.16739
30.38333333	77.83896
30.63333333	78.80197
30.88333333	79.9642
31.13333333	80.24033
31.38333333	81.84689
31.63333333	82.95749
31.88333333	83.50266
32.13333333	84.39706
32.38333333	84.79404
32.63333333	85.772
32.88333333	86.20798
33.13333333	86.86588
33.38333333	87.77261
33.63333333	88.39365
33.88333333	88.73245
34.13333333	88.83115
34.4	89.69675
34.65	89.95279
34.9	90.05746
35.15	90.79953
35.4	90.30209
35.65	90.82706
35.9	90.89877
36.15	91.00113
36.4	91.16702
36.65	91.73538
36.9	91.56192
37.15	91.41824
37.41666667	91.81619
37.66666667	91.53
37.91666667	91.36069
38.16666667	91.3782
38.41666667	91.17191
38.66666667	90.90891
38.91666667	90.85318
39.16666667	90.62314
39.41666667	90.08395
39.66666667	89.48917
39.91666667	89.35049
40.16666667	88.45572
40.41666667	87.84885
40.68333333	87.64346
40.93333333	87.22031
41.18333333	86.6846
41.43333333	86.28726
41.68333333	85.72067
41.93333333	85.01749
42.18333333	84.72488
42.43333333	84.03793
42.68333333	82.94284
42.93333333	82.58267
43.18333333	81.9725
43.43333333	81.57004
43.68333333	81.34073
43.93333333	80.94241
44.18333333	80.57785
44.45	79.96396
44.7	79.66275
44.95	79.15079
45.2	78.66324
45.45	77.96512
45.7	77.45377
45.95	77.2352
46.2	76.42776
46.45	76.1055
46.7	75.43613
46.95	74.69223
47.2	74.34329
47.45	74.28421
47.71666667	73.81168
47.96666667	73.11386
48.21666667	73.2233
48.46666667	72.3519
48.71666667	71.95242
48.96666667	71.23135
49.21666667	70.39658
49.46666667	69.46677
49.71666667	69.07687
49.96666667	68.35995
50.21666667	68.11368
50.46666667	67.51279
50.71666667	67.08414
50.96666667	66.60898
51.23333333	65.86813
51.48333333	65.78177
51.73333333	65.03598
51.98333333	64.535
52.23333333	64.08072
52.48333333	63.61942
52.73333333	62.87259
52.98333333	62.59012
53.23333333	62.80331
53.48333333	63.08804
53.73333333	63.42569
53.98333333	63.98459
54.23333333	64.59641
54.5	65.77536
54.75	66.44119
55	67.37949
55.25	68.2648
55.5	69.36087
55.75	70.08334
56	71.26602
56.25	72.70676
56.5	73.70108
56.75	74.9487
57	75.46542
57.25	76.41183
57.51666667	77.57443
57.75	78.61551
58	79.37735
58.25	80.38193
58.5	81.10623
58.76666667	82.15567
59.01666667	82.70566
59.26666667	83.32669
59.51666667	83.95248
59.76666667	84.94357
60.01666667	85.44162
60.26666667	85.97812
60.51666667	86.21591
60.76666667	86.76309
61.01666667	86.92349
61.26666667	87.32663
61.51666667	87.86124
61.78333333	88.4686
62.03333333	88.66739
62.28333333	89.02164
62.53333333	89.16086
62.78333333	89.63992
63.03333333	89.76077
63.28333333	90.11111
63.53333333	89.72702
63.78333333	89.6171
64.03333333	89.80728
64.28333333	89.70639
64.53333333	89.40378
64.78333333	89.21469
65.03333333	89.35184
65.28333333	89.03806
65.53333333	88.5502
65.78333333	88.67825
66.03333333	87.74686
66.3	87.28732
66.55	86.8511
66.8	86.59262
67.05	85.88077
67.3	85.86142
67.55	85.28958
67.8	85.00113
68.05	84.6683
68.3	84.02707
68.55	83.24863
68.8	82.97244
69.05	82.71689
69.3	82.05533
69.55	81.79691
69.8	81.15726
70.06666667	80.39072
70.31666667	80.0159
70.56666667	79.58749
70.81666667	79.09421
71.06666667	78.34872
71.31666667	78.23709
71.56666667	77.84378
71.81666667	77.48862
72.06666667	76.79196
72.31666667	76.24033
72.56666667	75.80466
72.81666667	75.24625
73.06666667	74.45004
73.31666667	73.48318
73.58333333	73.0834
73.83333333	72.53952
74.08333333	72.44339
74.33333333	71.95187
74.58333333	71.49826
74.83333333	71.6022
75.08333333	71.09439
75.33333333	71.03024
75.58333333	70.59067
75.83333333	70.41098
76.08333333	70.10324
76.33333333	69.94949
76.58333333	69.52884
76.83333333	69.51791
77.1	69.03922
77.35	68.41275
77.6	68.42184
77.85	68.42715
78.1	67.91129
78.35	67.15237
78.6	67.03531
78.85	66.51059
79.1	66.49319
79.36666667	66.50082
79.61666667	66.55771
79.86666667	66.49313
80.11666667	66.75601
80.36666667	67.74789
80.61666667	69.08261
80.86666667	70.08865
81.11666667	71.31625
81.36666667	71.6171
81.61666667	72.93747
81.86666667	73.51523
82.11666667	74.97849
82.36666667	75.25656
82.61666667	76.68826
82.88333333	77.73587
83.13333333	78.79691
83.38333333	79.7966
83.63333333	80.15115
83.88333333	81.10971
84.13333333	82.47775
84.38333333	83.13724
84.63333333	84.0549
84.88333333	84.64035
85.13333333	85.37851
85.38333333	85.51022
85.63333333	85.91177
85.88333333	86.69113
86.13333333	87.08853
86.4	87.48459
86.65	87.8718
86.9	88.09323
87.15	88.15726
87.4	88.65652
87.65	88.9614
87.9	89.30978
88.15	89.60355
88.4	89.93185
88.66666667	89.9838
88.9	90.29715
89.15	90.20474
89.41666667	89.82016
89.66666667	89.84256
89.91666667	90.15231
90.16666667	90.05502
90.41666667	89.62851
90.66666667	89.29324
90.91666667	88.97806
91.16666667	88.89926
91.41666667	88.31735
91.66666667	88.08347
91.91666667	88.14615
92.18333333	87.36264
92.43333333	87.14706
92.68333333	86.53214
92.93333333	86.202
93.18333333	85.75638
93.43333333	85.33115
93.68333333	84.79941
93.93333333	84.56125
94.18333333	84.04953
94.43333333	83.62418
94.68333333	83.53696
94.93333333	82.79019
95.18333333	82.43912
95.43333333	81.97903
95.68333333	81.49045
95.93333333	80.95688
96.2	80.85806
96.45	80.06979
96.7	79.46628
96.95	78.78616
97.2	78.34128
97.45	77.69119
97.71666667	77.20792
97.96666667	76.46793
98.21666667	76.20505
98.46666667	75.45859
98.71666667	75.00784
98.96666667	74.62094
99.21666667	73.75601
99.46666667	73.46732
99.71666667	72.66861
99.96666667	72.40732
100.2166667	71.9006
100.4666667	71.23074
100.7166667	70.60434
100.9666667	70.43399
101.2166667	69.75009
101.4833333	69.16953
101.7333333	68.50424
101.9833333	68.27658
102.2333333	67.74344
102.4833333	67.2944
102.7333333	66.65378
102.9833333	66.29251
103.2333333	66.01041
103.4833333	65.57291
103.7333333	65.35721
104	64.5549
104.25	64.0513
104.5	63.4028
104.75	62.88144
105	62.57565
105.25	62.75052
105.5	62.56924
105.75	62.92538
106	63.37418
106.25	64.24008
106.5	65.02396
106.75	66.39725
107	67.58878
107.2666667	69.19778
107.5166667	70.13846
107.7666667	71.20004
108.0166667	72.67935
108.2666667	73.84592
108.5166667	74.78232
108.7666667	75.54715
109.0166667	76.59329
109.2666667	77.0715
109.5166667	77.89365
109.7666667	78.88388
110.0166667	79.58542
110.2666667	80.17441
110.5166667	80.60434
110.7666667	81.45486
111.0333333	82.13065
111.2833333	83.147
111.5333333	83.68723
111.7833333	83.77255
112.0333333	84.48776
112.2833333	84.9039
112.5333333	85.09824
112.7833333	85.8815
113.0333333	86.47067
113.2833333	87.51425
113.5333333	87.86746
113.7833333	88.08932
114.0333333	88.66965
114.2833333	88.68674
114.5333333	89.36667
114.7833333	89.47104
115.0333333	89.82755
115.3	90.25723
115.55	90.42313
115.8	90.8273
116.05	90.79941
116.3	90.80771
116.55	90.88394
116.8	90.84671
117.05	90.67581
117.3	90.98245
117.55	90.54056
117.8	90.33133
118.05	89.98227
118.3	89.84903
118.5666667	89.58774
118.8166667	89.42313
119.0666667	88.96701
119.3166667	88.55301
119.5666667	88.83505
119.8166667	87.923
120.0666667	87.83145
120.3166667	87.65488
120.5666667	87.12643
120.8166667	86.5513
121.0833333	86.259
121.3333333	85.93906
121.5833333	85.74344
121.8333333	85.17532
122.0833333	85.20859
122.3333333	84.36209
122.5833333	83.95944
122.8333333	83.60037
123.0833333	82.79922
123.3333333	82.78256
123.5833333	82.35678
123.8333333	81.81906
124.0833333	81.43893
124.3333333	81.32126
124.5833333	80.90024
124.8333333	80.43692
125.1	79.95535
125.35	79.87912
125.6	79.5264
125.85	79.26559
126.1	78.80704
126.35	78.15585
126.6	77.88535
126.85	77.45071
127.1	76.83084
127.35	76.80026
127.6	76.03751
127.85	75.97372
128.1	75.85446
128.35	75.5405
128.6	75.37265
128.85	75.13919
129.1	74.80167
129.3666667	74.45291
129.6166667	74.19296
129.8666667	73.84726
130.1166667	73.83176
130.3666667	73.42856
130.6166667	72.79507
130.8666667	72.77908
131.1166667	72.60458
131.3666667	72.32431
131.6166667	72.55405
131.8666667	72.39853
132.1166667	72.78452
132.3666667	73.04941
132.6333333	73.40982
132.8666667	74.09128
133.1333333	74.59335
133.3833333	75.04031
133.6333333	76.00034
133.8833333	76.98947
134.1333333	78.2211
134.3833333	78.98355
134.6333333	79.63803
134.8833333	80.15903
135.1333333	80.94919
135.3833333	81.75113
135.6333333	82.46188
135.8833333	83.06638
136.1333333	83.70761
136.3833333	84.61771
136.6333333	85.47385
136.8833333	85.9653
137.15	86.75943
137.4	87.04898
137.65	87.46951
137.9	88.10172
138.15	88.37839
138.4	88.43948
138.65	88.97324
138.9	89.37009
139.15	89.57419
139.4	90.29715
139.65	90.62534
139.9	90.93259
140.1666667	90.76834
140.4166667	91.16226
140.6666667	91.2316
140.9166667	91.80704
141.1666667	91.55789
141.4166667	91.59177
141.6666667	92.08286
141.9166667	92.24966
142.1666667	92.1022
142.4166667	91.97885
142.6666667	92.08102
142.9333333	92.1553
143.1833333	92.36258
143.4333333	92.12717
143.6833333	91.77817
143.9333333	91.96725
144.1833333	91.69461
144.4333333	91.5137
144.6833333	91.57541
144.9333333	91.41019
145.1833333	91.03964
145.4333333	90.75552
145.6833333	91.0817
145.95	90.47543
146.2	90.02603
146.45	89.8248
146.7	89.91055
146.95	89.79019
147.2	89.34988
147.45	89.68283
147.7	89.25339
147.95	89.02646
148.2	88.90585
148.45	88.48856
148.7	88.18417
148.9666667	87.92557
149.2166667	87.54062
149.4666667	87.16812
149.7166667	87.30807
149.9666667	86.73502
150.2166667	86.38126
150.4666667	86.00162
150.7166667	85.85342
150.9666667	85.14169
151.2166667	85.47964
151.4666667	84.83121
151.7166667	84.67764
151.9666667	84.07376
152.2166667	84.20554
152.4666667	84.01077
152.7333333	83.83261
152.9833333	83.75974
153.2333333	83.28128
153.4833333	83.36276
153.7333333	83.11642
153.9833333	82.98892
154.2333333	82.7756
154.5	82.29221
154.75	82.32266
155	81.77249
155.25	81.71414
155.5	81.56949
155.75	81.3511
156	80.93039
156.25	80.85751
156.5	80.69711
156.75	80.31589
157	80.25705
157.25	79.72598
157.5	80.05856
157.75	80.27701
158	80.28268
158.2666667	80.9313
158.5166667	81.08463
158.7666667	81.35257
159.0166667	81.48526
159.2666667	81.96255
159.5166667	82.68497
159.7666667	83.10495
160.0166667	83.53812
160.2666667	83.89352
160.5166667	84.20267
160.7666667	84.71054
161.0166667	85.16727
161.2666667	85.54996
161.5333333	85.81534
161.7833333	86.11069
162.0333333	86.34348
162.2833333	87.04166
162.5333333	87.25864
162.7833333	87.87881
163.0333333	87.99893
163.3	88.36234
163.55	88.74454
163.8	88.91641
164.05	89.96262
164.3	89.72244
164.55	90.37936
164.8	90.56277
165.05	90.79416
165.3	91.14377
165.55	91.1553
165.8	91.65903
166.05	91.48465
166.3	92.18887
166.5666667	91.76022
166.8166667	92.02408
167.0666667	91.95114
167.3166667	91.83932
167.5666667	92.00296
167.8166667	92.22464
168.0666667	91.78806
168.3166667	91.98019
168.5666667	92.01913
168.8166667	92.48331
169.0666667	92.33585
169.3166667	92.32718
169.5666667	92.39316
169.8333333	92.13608
170.1833333	92.06155
170.4333333	92.01981
170.6833333	92.0632
170.9333333	91.86307
171.1833333	91.46561
171.4333333	91.22568
171.6833333	90.98441
171.9333333	90.61563
172.2	90.78262
172.45	90.37405
172.7	90.535
172.95	90.31949
173.2	90.21756
173.45	90.02426
173.7	89.8591
173.95	89.5192
174.2	89.33707
174.45	89.38162
174.7	89.10715
174.95	89.08066
175.2166667	88.75467
175.45	88.52011
175.7	88.37839
175.9666667	88.05832
176.2166667	88.01108
176.4666667	87.63272
176.7166667	87.64316
176.9666667	87.34201
177.2166667	86.96353
177.4666667	86.71915
177.7166667	86.2919
177.9666667	86.28702
178.2166667	85.98654
178.4666667	85.61557
178.7166667	85.61063
178.9833333	85.52322
179.2333333	85.08395
179.4833333	84.84219
179.7333333	84.36758
179.9833333	84.41245
180.2333333	84.17386
180.4833333	83.72653
180.7333333	83.73788
180.9833333	83.23398
181.2333333	82.95602
181.4833333	82.56448
181.7333333	82.29898
181.9833333	81.72488
182.2333333	81.215
182.4833333	80.57883
182.75	80.63913
182.9833333	79.77158
183.25	79.923
183.5	80.12204
183.75	80.02847
184	80.20297
184.25	80.35855
184.5	80.2825
184.75	80.82376
185	80.89389
185.25	81.67886
185.5	81.8544
185.75	82.28665
186	82.72806
186.25	83.01944
186.5166667	83.40359
186.7666667	84.42081
187.0166667	84.83145
187.2666667	85.11154
187.5166667	85.83041
187.7666667	86.05215
188.0166667	86.65915
188.2666667	87.08743
188.5166667	87.74954
188.7666667	88.05087
189.0166667	88.46201
189.2666667	88.99069
189.5166667	89.16672
189.7833333	89.63858
190.0333333	89.88956
190.2833333	90.04007
190.5333333	90.45859
190.7833333	90.44846
191.0333333	90.86642
191.2833333	91.45914
191.5333333	91.28848
191.7833333	91.34164
192.0333333	91.32639
192.2833333	91.76248
192.5333333	91.7775
192.7833333	92.26596
193.0333333	92.32004
193.2833333	92.52756
193.55	92.85489
193.8	92.81888
194.05	92.9567
194.3	92.73337
194.55	92.80954
194.8	92.7869
195.05	92.73318
195.3	92.66104
195.55	92.22592
195.8	92.40738
196.05	92.3613
196.3	92.47202
196.55	92.10068
196.8166667	92.10715
197.0666667	91.53079
197.3166667	91.47641
197.5666667	91.62711
197.8166667	91.26346
198.0666667	91.32767
198.3166667	90.95798
198.5666667	90.68118
198.8166667	90.23831
199.0666667	90.16861
199.3166667	89.71951
199.5666667	89.68118
199.8166667	89.52866
200.0666667	88.79684
200.3166667	88.71671
200.5833333	88.45932
200.8166667	88.09616
201.0833333	87.91287
201.3333333	87.95914
201.5833333	87.69589
201.8333333	87.17679
202.0833333	86.73514
202.3333333	85.99625
202.5833333	86.34683
202.8333333	85.50089
203.0833333	85.56192
203.3333333	85.29166
203.5833333	84.99979
203.8333333	85.06454
204.0833333	84.34537
204.3333333	84.07986
204.5833333	83.9462
204.8333333	83.84378
205.1	83.16971
205.35	83.29752
205.6	82.82394
205.85	82.40482
206.1	82.00418
206.35	81.92294
206.6	81.88675
206.85	81.2999
207.1	81.34756
207.35	81.19565
207.6	80.90359
207.85	80.47427
208.1	80.6738
208.35	80.41177
208.6	80.13461
208.85	79.75381
209.1	79.92215
209.3666667	79.82224
209.6166667	79.53751
209.8666667	79.8306
210.1166667	79.82065
210.3666667	80.41812
210.6166667	80.41214
210.8666667	80.66415
211.1166667	80.9498
211.3666667	81.13681
211.6166667	81.24863
211.8666667	81.80478
212.1166667	81.96835
212.3666667	82.86758
212.6166667	83.54825
212.8666667	83.74301
213.1333333	84.30515
213.3833333	84.50247
213.6333333	84.95126
213.8833333	85.58591
214.1333333	86.37656
214.3833333	87.01852
214.6333333	87.28598
214.8833333	88.10001
215.1333333	88.22336
215.3833333	88.58029
215.6333333	89.19901
215.8833333	89.57724
216.1333333	89.52621
216.3833333	89.93356
216.65	90.29196
216.9	90.62082
217.15	90.88242
217.4	91.2811
217.65	91.6196
217.9	91.7222
218.15	91.69205
218.4	91.93472
218.65	92.12314
218.9166667	92.36343
219.15	92.84848
219.4166667	92.6329
219.6666667	92.66006
219.9166667	92.71725
220.1666667	92.79514
220.4166667	92.47421
220.6666667	92.59067
220.9166667	92.2803
221.1666667	92.03244
221.4166667	92.21262
221.6666667	92.22775
221.9166667	92.19492
222.1666667	91.96921
222.4166667	92.18491
222.6666667	91.85556
222.9166667	91.88376
223.1833333	91.68356
223.4333333	91.70767
223.6833333	91.41324
223.9333333	91.29184
224.1833333	91.09616
224.4333333	90.84268
224.6833333	90.89914
224.9333333	90.77634
225.1833333	90.71603
225.4333333	90.52542
225.6833333	90.25644
225.95	90.14651
226.2	89.93509
226.45	89.957
226.7	89.79355
226.95	89.33115
227.2	89.43948
227.45	89.23666
227.7	88.92679
227.95	88.67447
228.2	88.48392
228.45	88.55734
228.7	88.00131
228.95	87.54361
229.2	87.40305
229.4666667	86.81033
229.7166667	86.82425
229.9666667	86.26614
230.2166667	86.0029
230.4666667	85.55728
230.7166667	85.45139
230.9666667	85.23917
231.2166667	85.28879
231.4666667	85.05637
231.7166667	84.54733
231.9666667	84.32901
232.2166667	84.05563
232.4666667	84.08755
232.7166667	83.72226
232.9666667	83.65549
233.2166667	83.37936
233.4833333	82.97433
233.7333333	82.75235
233.9833333	82.96585
234.2333333	82.59171
234.4833333	82.34952
234.7333333	82.3306
234.9833333	81.72452
235.2333333	82.0267
235.4833333	81.71707
235.7333333	81.58353
235.9833333	81.90555
236.2333333	81.98227
236.4833333	82.16617
236.7333333	82.49619
236.9833333	82.83542
237.25	83.65518
237.5	83.77231
237.75	84.22891
238	84.41086
238.25	84.71408
238.5	85.1069
238.75	85.66409
239	86.23459
239.25	86.36935
239.5	86.76102
239.75	87.10104
240	87.41214
240.2666667	87.79623
240.5166667	87.54099
240.7666667	88.47165
241.0166667	88.56711
241.2666667	88.86588
241.5166667	89.03714
241.7666667	89.32974
242.0166667	89.49142
242.2666667	90.04355
242.5166667	90.52542
242.7666667	90.83286
243.0333333	91.36398
243.2833333	91.71664
243.5333333	91.91647
243.7833333	92.51389
244.0333333	93.01181
244.2833333	92.84891
244.5333333	93.11069
244.7833333	92.98221
245.0333333	93.40939
245.2833333	92.82791
245.5333333	92.9628
245.7833333	93.12833
246.0333333	92.75467
246.2833333	92.4971
246.5333333	92.3876
246.8	91.48508
247.05	91.70767
247.3	91.41312
247.55	90.87173
247.8	90.59958
248.05	90.27042
248.3	89.69565
248.55	89.4191
248.8	89.03128
249.05	88.62631
249.3	87.95364
249.55	87.66318
249.8	87.31479
250.0666667	86.52231
250.3166667	86.56168
250.5666667	86.00003
250.8166667	85.54031
251.0666667	85.0546
251.3166667	84.61673
251.5666667	84.37772
251.8166667	83.72366
252.0666667	83.15085
252.3166667	82.98026
252.5666667	82.34604
252.8166667	81.71408
253.0666667	81.08646
253.3166667	80.64963
253.5833333	80.29813
253.8333333	79.67966
254.0833333	79.12778
254.3333333	78.54953
254.5833333	78.47043
254.8333333	78.01706
255.0833333	77.62692
255.3333333	77.2767
255.5833333	76.68552
255.8333333	76.28238
256.0833333	76.13797
256.3333333	75.62827
256.5833333	74.8118
256.8333333	74.40347
257.1	73.78177
257.35	73.38779
257.6	72.99564
257.85	72.33353
258.1	72.22702
258.35	71.90341
258.6	71.04269
258.85	71.01138
259.1	70.35342
259.35	69.63821
259.6166667	69.17032
259.8666667	68.80069
260.1166667	68.42288
260.3666667	68.06253
260.6166667	67.47324
260.8666667	67.23904
261.1166667	67.26572
261.3666667	66.96793
261.6166667	66.93637
261.8666667	67.53049
262.1166667	67.87094
262.3833333	68.32651
262.6333333	68.54233
262.8833333	68.64462
263.1333333	69.50754
263.3833333	69.9744
263.6333333	71.0502
263.8833333	72.28867
264.1333333	73.24612
264.3833333	73.72012
264.6333333	74.27176
264.9	74.74576
265.15	75.45706
265.4	75.96652
265.65	76.70444
265.9	77.63559
266.15	77.83292
266.4	78.50302
266.65	78.91208
266.9	79.09598
267.15	79.96774
267.4	81.00204
267.65	81.82224
267.9	82.39383
268.1666667	83.12119
268.4166667	83.78922
268.6666667	84.71738
268.9166667	84.91904
269.1666667	85.44553
269.4166667	85.77444
269.6666667	86.13663
269.9166667	86.51987
270.1666667	87.35971
270.4166667	87.74557
270.6833333	87.89944
270.9333333	88.06308
271.1833333	88.67593
271.4333333	88.97433
271.6833333	89.43918
271.9333333	89.62485
272.1833333	89.64456
272.4333333	90.04404
272.6833333	90.1647
272.9333333	90.16061
273.1833333	90.63773
273.4333333	90.86282
273.6833333	90.58719
273.95	90.84036
274.2	90.80124
274.45	90.71365
274.7	90.73111
274.95	90.52469
275.2	90.78934
275.45	90.47232
275.7	90.4899
275.95	90.63437
276.2	90.3027
276.4666667	90.19846
276.7166667	89.75204
276.9666667	89.7327
277.2166667	89.85037
277.4666667	89.68698
277.7166667	89.50339
277.9666667	89.6705
278.2166667	89.69174
278.4666667	89.03793
278.7166667	88.77835
278.9666667	88.70718
279.2166667	88.29227
279.4666667	88.29135
279.7333333	88.06589
279.9833333	87.71909
280.2333333	87.92117
280.4833333	87.77243
280.7333333	87.5723
280.9833333	87.68027
281.2333333	87.19333
281.4833333	86.92758
281.7333333	86.70627
281.9833333	86.58511
282.2333333	86.37204
282.4833333	86.00748
282.75	86.00961
283	85.68533
283.25	85.52689
283.5	84.9075
283.75	84.90115
284	84.40616
284.25	83.95297
284.5	84.04971
284.75	83.75882
285	83.06424
285.2666667	82.59018
285.5166667	82.29135
285.7666667	82.14651
286.0166667	81.7601
286.2666667	81.43002
286.5166667	81.02219
286.7666667	81.16953
287.0166667	80.94901
287.2666667	80.58731
287.5333333	80.69479
287.7833333	80.7131
288.0333333	80.66995
288.2833333	80.49484
288.5333333	80.50723
288.7833333	81.00394
289.0333333	81.13455
289.2833333	81.33926
289.5333333	81.3801
289.8	81.86655
290.05	82.02921
290.3	82.74911
290.55	83.21475
290.8	83.29733
291.05	83.49405
291.3	84.24539
291.55	84.19693
291.8	84.3735
292.05	84.94315
292.3	85.11954
292.55	85.02646
292.8	85.90591
293.05	86.09213
293.3166667	86.62222
293.55	86.95572
293.8166667	87.50919
294.0666667	87.81607
294.3166667	88.04813
294.5666667	88.32553
294.8166667	88.68607
295.0666667	88.74661
295.3166667	89.18594
295.5666667	89.63052
295.8166667	89.89072
296.0666667	90.50882
296.3166667	90.74124
296.5666667	90.94388
296.8166667	91.27945
297.0833333	91.52719
297.3333333	91.41666
297.5833333	92.0264
297.8333333	91.96738
298.0833333	92.1326
298.3333333	92.48471
298.5833333	92.17215
298.8333333	92.41971
299.0833333	92.06516
299.3333333	92.29141
299.5833333	92.28903
299.8333333	92.26468
300.0833333	92.21793
300.35	92.14774
300.6	91.75424
300.85	91.62479
301.1	91.64572
301.35	91.18729
301.6	91.215
301.85	91.14297
302.1	90.67508
302.35	90.70084
302.6	90.38858
302.8666667	90.47348
303.1166667	90.35501
303.3666667	90.16
303.6166667	90.04404
303.8666667	89.88779
304.1166667	89.67038
304.3666667	89.31015
304.6166667	88.99173
304.8666667	89.26004
305.1166667	88.70554
305.3666667	88.74326
305.6166667	88.56015
305.8666667	88.52249
306.1166667	88.15073
306.3666667	87.79825
306.6166667	87.88809
306.8666667	87.60965
307.1166667	87.75717
307.3666667	87.27158
307.6166667	86.96609
307.8833333	86.7908
308.1333333	86.46701
308.3833333	86.06277
308.6333333	86.10611
308.8833333	85.96707
309.1333333	85.70908
309.3833333	85.82315
309.6333333	85.19724
309.8833333	85.21365
310.1333333	84.99539
310.3833333	84.69009
310.6333333	84.65738
310.8833333	84.32932
311.15	83.9725
311.4	83.73209
311.65	83.90494
311.9	83.21536
312.15	83.17813
312.4	83.26865
312.65	82.70602
312.9	82.94107
313.15	82.53268
313.4	82.50998
313.65	82.00052
313.9	82.86331
314.15	82.42508
314.4	82.43619
314.65	82.48172
314.9	82.78287
315.1666667	82.95078
315.4166667	83.40323
315.6666667	83.74661
315.9166667	84.09409
316.1666667	84.3544
316.4166667	84.82877
316.6666667	85.11765
316.9166667	85.58322
317.1666667	86.1871
317.4166667	86.22171
317.6666667	86.72037
317.9333333	86.90591
318.1833333	87.16299
318.4333333	87.43643
318.6833333	87.65457
318.9333333	88.11514
319.1833333	88.1962
319.4333333	88.31113
319.6833333	88.57224
319.9333333	89.06192
320.1833333	89.29825
320.4333333	89.88223
320.6833333	89.87918
320.9333333	90.33481
321.2	90.08627
321.45	90.35049
321.7	90.9725
321.95	91.24759
322.2	91.39017
322.45	91.61105
322.7	91.81509
322.95	91.73099
323.2	92.27939
323.45	92.40475
323.7	92.26321
323.95	92.40073
324.2	92.47751
324.4666667	92.24496
324.7166667	92.45126
324.9666667	92.00333
325.2166667	92.24686
325.4666667	92.05252
325.7166667	92.1716
325.9666667	92.1597
326.2166667	92.14053
326.4666667	91.9299
326.7166667	91.99551
326.9666667	91.69437
327.2166667	91.71866
327.4666667	91.73611
327.7333333	91.892
327.9833333	91.55899
328.2333333	91.55118
328.4833333	91.49118
328.7333333	91.48355
328.9833333	91.34402
329.2333333	91.08328
329.4833333	91.17618
329.7333333	90.80807
329.9833333	90.83609
330.2333333	90.74979
330.4833333	90.41397
330.7333333	90.17917
331	90.36563
331.25	90.08932
331.5	89.89133
331.75	89.91183
332	89.87558
332.25	89.71951
332.5	89.51633
332.75	89.28873
333	88.93344
333.25	88.74966
333.5	88.86966
333.75	88.9017
334	88.43839
334.25	88.45395
334.5	88.07065
334.75	87.7435
335.0166667	87.39218
335.2666667	87.36691
335.5166667	87.59561
335.7666667	86.8345
336.0166667	86.70462
336.2666667	86.59372
336.5166667	86.418
336.7666667	86.47665
337.0166667	86.24075
337.2666667	85.78073
337.5166667	85.62802
337.7833333	85.53226
338.0333333	85.21463
338.2833333	84.78769
338.5333333	84.62662
338.7833333	84.43582
339.0333333	83.84738
339.2833333	83.82858
339.5333333	83.88443
339.7833333	83.88712
340.0333333	83.70303
340.2833333	83.84061
340.5333333	83.97012
340.7833333	83.99753
341.0333333	84.44254
341.2833333	84.4407
341.5333333	85.04575
341.7833333	85.43997
342.0333333	85.21396
342.3	85.96164
342.55	86.13486
342.8	86.35629
343.05	87.10739
343.3	87.45718
343.55	87.8414
343.8	88.14035
344.05	88.63773
344.3	88.97983
344.55	89.26218
344.8	89.57547
345.05	90.12784
345.3	90.31857
345.55	90.57443
345.8	90.91702
346.0666667	91.20212
346.3166667	91.64468
346.5666667	91.59439
346.8166667	92.05649
347.0666667	92.31259
347.3166667	92.37869
347.5666667	92.34073
347.8166667	92.6315
348.0666667	92.7081
348.3333333	92.9238
348.5833333	92.75223
348.8333333	93.168
349.0833333	92.90323
349.3333333	93.12674
349.5833333	93.32034
349.8333333	93.39285
350.0833333	93.28036
350.3333333	93.64359
350.5833333	93.2471
350.8333333	93.46829
351.0833333	93.17117
351.35	93.21237
351.6	93.25803
351.85	93.0726
352.1	92.97116
352.35	92.76962
352.6	92.81082
352.85	92.58078
353.1	92.59464
353.35	92.29691
353.6166667	92.23386
353.8666667	91.93851
354.1166667	91.71365
354.3666667	91.78238
354.6166667	91.47647
354.8666667	91.37546
355.1166667	90.7684
355.3666667	90.70389
355.6166667	90.38895
355.8666667	90.46439
356.1166667	90.22775
356.3666667	89.90659
356.6166667	89.58365
356.8833333	88.92899
357.1333333	89.08841
357.3833333	88.60367
357.6333333	88.84061
357.8833333	88.4537
358.1333333	88.24637
358.3833333	88.15628
358.6333333	87.8649
358.8833333	87.35721
359.1333333	87.22214
359.3833333	87.06985
359.6333333	87.06046
359.8833333	86.83328
360.15	86.87314
360.4	86.51791
360.65	86.29276
360.9	86.29398
361.15	85.86081
361.4	85.36234
361.65	85.23001
361.9	85.2919
362.15	85.08328
362.4	84.61417
362.65	84.74142
362.9166667	84.21188
363.1666667	84.21518
363.4166667	83.79123
363.6666667	83.68472
363.9166667	83.44516
364.1666667	83.04697
364.4166667	82.99136
364.6666667	82.67813
364.9166667	82.23331
365.1666667	82.57626
365.4166667	82.52164
365.6666667	82.45486
365.9333333	82.5134
366.1833333	82.91037
366.4333333	83.07266
366.6833333	83.28531
366.9333333	83.11441
367.1833333	83.70181
367.4333333	84.0834
367.6833333	84.22318
367.9333333	84.51572
368.1833333	84.86032
368.4333333	85.31424
368.6833333	85.47409
368.9333333	85.95328
369.2	86.39291
369.45	86.71201
369.7	87.03897
369.95	87.43381
370.2	87.81735
370.45	88.02243
370.7	88.62418
370.95	88.54239
371.2	88.91751
371.45	89.15036
371.7166667	89.30197
371.9666667	89.75656
372.2166667	89.90396
372.4666667	90.07541
372.7166667	90.11642
372.9666667	90.44308
373.2166667	90.6041
373.4666667	91.00626
373.7166667	91.03775
373.9666667	91.20462
374.2166667	91.54373
374.4666667	91.68869
374.7333333	92.01443
374.9833333	92.13571
375.2333333	92.61404
375.4833333	92.44919
375.7333333	92.84604
375.9833333	92.52866
376.2333333	92.91391
376.4833333	93.00064
376.7333333	93.04764
376.9833333	92.72366
377.2333333	92.85373
377.4833333	92.94113
377.7333333	92.61227
378	92.83694
378.25	92.6315
378.5	92.48117
378.75	92.62076
379	92.47421
379.25	92.48697
379.5	92.39157
379.75	92.00742
380	91.84158
380.25	91.97647
380.5	91.72342
380.75	91.6091
381	91.3685
381.25	91.11496
381.5	91.34091
381.7666667	90.96451
382.0166667	90.55502
382.2666667	90.37234
382.5166667	90.22586
382.7666667	90.12003
383.0166667	90.29874
383.2666667	89.81174
383.5166667	89.55923
383.7666667	89.45584
384.0166667	89.20297
384.2666667	89.0054
384.5166667	88.94296
384.7666667	88.70114
385.0333333	88.3309
385.2833333	88.35342
385.5333333	87.85953
385.7833333	87.64035
386.0333333	87.7532
386.2833333	87.47055
386.5333333	87.28665
386.7833333	86.71835
387.0333333	86.94101
387.2833333	86.49069
387.5333333	86.26566
387.8	86.34061
388.05	85.63297
388.3	85.82297
388.55	85.27322
388.8	85.50943
389.05	85.2233
389.3	84.8967
389.55	84.96921
389.8	84.37027
390.0666667	84.24771
390.3166667	84.24637
390.5666667	84.04373
390.8166667	83.90469
391.0666667	83.34744
391.3166667	83.53641
391.5666667	83.64798
391.8166667	83.76315
392.0666667	83.71591
392.3166667	83.80978
392.5666667	83.95975
392.8166667	84.01712
393.0666667	84.18637
393.3166667	84.48209
393.5833333	84.82358
393.8333333	85.02444
394.0833333	85.36185
394.3333333	85.99466
394.5833333	85.92239
394.8333333	86.24606
395.0833333	86.57816
395.3333333	86.94058
395.5833333	87.46317
395.8333333	87.69644
396.0833333	88.11728
396.3333333	88.38669
396.5833333	88.5784
396.8333333	88.93967
397.1	89.47464
397.35	89.74942
397.6	89.92831
397.85	90.12576
398.1	90.18369
398.35	90.72397
398.6	90.96024
398.85	90.81747
399.1	91.09982
399.35	92.00632
399.6	91.57419
399.8666667	92.27042
400.1166667	92.32144
400.3666667	92.55466
400.6166667	92.58078
400.8666667	92.85599
401.1166667	93.15811
401.3666667	92.8298
401.6166667	93.28146
401.8666667	93.08871
402.1166667	92.91873
402.3666667	93.11972
402.6166667	93.40726
402.8666667	93.27139
403.1333333	93.48288
403.3833333	93.27133
403.6333333	92.92075
403.8833333	93.11319
404.1333333	93.0217
404.3833333	92.77853
404.6333333	92.70895
404.8833333	92.88931
405.1333333	92.48386
405.3833333	92.68051
405.6333333	92.46628
405.8833333	92.03867
406.1333333	91.83871
406.3833333	91.95975
406.6333333	91.60519
406.9	91.54941
407.15	91.37228
407.4	91.56284
407.65	91.07462
407.9	90.73318
408.15	90.57132
408.4	90.34634
408.65	90.3558
408.9	90.30045
409.15	89.98477
409.4	89.81601
409.6666667	89.59396
409.9166667	89.40018
410.1666667	89.27676
410.4166667	89.31827
410.6666667	88.69235
410.9166667	88.93442
411.1666667	88.46811
411.4166667	88.32547
411.6666667	88.01334
411.9166667	87.9852
412.1666667	87.89987
412.4166667	87.69974
412.6666667	87.16586
412.9333333	87.16269
413.1833333	86.76474
413.4333333	86.64755
413.6833333	86.29709
413.9333333	86.34683
414.1833333	86.24991
414.4333333	85.95914
414.6833333	85.45956
414.9333333	85.54752
415.1833333	85.52914
415.4333333	85.20193
415.6833333	84.75345
415.9333333	84.57657
416.1833333	84.55759
416.4333333	84.42435
416.6833333	83.97446
416.9333333	83.8389
417.2	83.78519
417.45	83.75626
417.7	83.69797
417.95	83.62802
418.2	84.17154
418.45	84.14505
418.7	84.16959
418.95	84.49612
419.2	84.55392
419.45	84.89236
419.7	84.91794
419.95	85.47775
420.2	85.7341
420.4666667	86.12802
420.7166667	86.556
420.9666667	86.68973
421.2166667	86.68802
421.4666667	87.28018
421.7166667	87.64194
421.9666667	87.92136
422.2166667	88.12143
422.4666667	88.41867
422.7166667	88.93594
422.9666667	89.61838
423.2166667	89.83517
423.4666667	89.91965
423.7166667	90.37253
423.9666667	90.70847
424.2166667	90.99399
424.4833333	91.07364
424.7333333	91.4285
424.9833333	91.69144
425.2333333	91.81326
425.4833333	91.9252
425.7333333	92.18991
425.9833333	92.96567
426.2333333	92.61649
426.4833333	93.13943
426.7333333	93.1821
426.9833333	93.23233
427.2333333	93.3027
427.5	93.54263
427.75	93.6066
428	93.77225
428.25	93.64639
428.5	93.77573
428.75	93.45499
429	93.61417
429.25	93.64334
429.5	93.69766
429.7666667	93.56125
430.0166667	93.44394
430.2666667	93.54099
430.5166667	93.14487
430.7666667	93.42728
431.0166667	93.3118
431.2666667	93.04172
431.5166667	92.79245
431.7666667	92.53995
432.0166667	92.80685
432.2666667	92.27298
432.5166667	92.41782
432.7666667	92.08395
433.0166667	91.87643
433.2666667	91.82529
433.5166667	91.4277
433.7833333	91.10745
434.0333333	91.19778
434.2833333	91.02469
434.5333333	91.056
434.7833333	90.59598
435.0333333	90.2803
435.2833333	90.39389
435.5333333	89.99844
435.7833333	89.96268
436.0333333	90.06918
436.3	89.51218
436.5333333	89.22226
436.8	89.17184
437.05	88.70792
437.3	88.57047
437.55	88.57382
437.8	88.37711
438.05	88.00797
438.3	88.17368
438.55	87.34879
438.8	87.30112
439.05	87.01559
439.3	86.76456
439.55	86.57138
439.8	86.76468
440.05	86.13962
440.3	86.18204
440.5666667	85.81131
440.8166667	85.84024
441.0666667	85.40518
441.3166667	85.37759
441.5666667	85.12167
441.8166667	84.60294
442.0666667	84.71445
442.3166667	84.74191
442.5666667	84.4122
442.8166667	84.01303
443.0666667	83.96658
443.3166667	83.90054
443.5666667	83.88095
443.8166667	83.62546
444.0666667	84.01834
444.3166667	83.97244
444.5833333	84.07394
444.8333333	84.20016
445.0833333	84.51468
445.3333333	84.96622
445.5833333	84.96457
445.8333333	85.27969
446.0833333	85.67416
446.3333333	85.70377
446.5833333	86.37405
446.8333333	86.76114
447.0833333	86.76486
447.3333333	87.36234
447.6	87.61502
447.85	87.48813
448.1	88.02292
448.35	88.30344
448.6	88.92459
448.85	88.69498
449.1	89.45645
449.35	89.44321
449.6	89.87204
449.85	89.98032
450.1	90.35184
450.35	90.45779
450.6	90.56381
450.85	90.87979
451.1	91.1022
451.35	91.43228
451.6166667	91.65115
451.8666667	91.97122
452.1166667	92.29465
452.3666667	92.08902
452.6166667	92.32602
452.8666667	92.73758
453.1166667	92.78293
453.3666667	92.75949
453.6166667	93.26828
453.8666667	93.18997
454.1166667	93.46292
454.3666667	93.19437
454.6166667	93.43314
454.8833333	93.57065
455.1333333	93.55356
455.3833333	93.32095
455.6333333	93.08896
455.8833333	92.97128
456.1333333	93.31589
456.3833333	93.04153
456.6333333	93.01328
456.8833333	93.19217
457.1333333	92.66324
457.3833333	92.76126
457.6333333	92.59726
457.8833333	92.64603
458.1333333	92.35098
458.3833333	92.07571
458.6333333	92.0538
458.9	91.91989
459.15	91.81509
459.4	91.54086
459.65	91.4249
459.9	91.39548
460.15	90.9921
460.4	90.82626
460.65	90.81174
460.9	90.38321
461.15	90.49997
461.4	90.11069
461.6666667	90.1185
461.9166667	89.96066
462.1666667	89.62015
462.4166667	89.38449
462.6666667	89.0549
462.9166667	89.06686
463.1666667	88.94547
463.4166667	88.7269
463.6666667	88.60129
463.9166667	88.1268
464.1666667	88.07407
464.4166667	87.62308
464.6666667	87.74692
464.9333333	87.29587
465.1833333	87.30417
465.4333333	86.85794
465.6833333	86.6525
465.9333333	86.57785
466.1833333	86.47635
466.4333333	86.491
466.6833333	85.85287
466.9333333	85.91391
467.1833333	85.17532
467.4333333	85.23544
467.6833333	84.83054
467.9333333	84.85269
468.1833333	84.65414
468.4333333	84.4313
468.7	84.38492
468.9333333	84.0759
469.2	84.02444
469.45	84.09518
469.7	84.49979
469.95	84.47635
470.2	84.53561
470.45	84.72958
470.7	84.72592
470.95	85.04227
471.2	84.99515
471.45	85.39108
471.7	85.63852
471.95	85.99075
472.2166667	86.27133
472.4666667	86.54697
472.7166667	86.85849
472.9666667	87.3317
473.2166667	87.44858
473.4666667	87.70682
473.7166667	88.11569
473.9666667	88.36008
474.2166667	88.58255
474.4666667	88.9758
474.7166667	89.24973
474.9833333	89.72165
475.2333333	89.63321
475.4833333	90.18912
475.7333333	90.5538
475.9833333	90.80173
476.2333333	90.78574
476.4833333	90.97922
476.7333333	91.56711
476.9833333	91.88986
477.2333333	91.90793
477.4833333	91.8931
477.75	92.38559
478	92.8591
478.25	92.78165
478.5	92.88937
478.75	93.43961
479	93.3895
479.25	93.68179
479.5	93.26828
479.75	93.57877
480	93.80136
480.2666667	93.52249
480.5	93.6254
480.7666667	93.82962
481.0166667	93.41745
481.2666667	93.42496
481.5166667	93.65768
481.7666667	94.13498
482.0166667	93.43112
482.2666667	92.94901
482.5166667	93.48416
482.7666667	93.35019
483.0166667	93.11673
483.2666667	92.89932
483.5166667	92.92142
483.7833333	93.07474
484.0333333	92.46365
484.2833333	92.49149
484.5333333	92.31027
484.7833333	92.29153
485.0333333	92.06381
485.2833333	91.72305
485.5333333	91.34018
485.7833333	91.57053
486.0333333	91.44589
486.2833333	90.89987
486.5333333	90.86533
486.8	90.83194
487.05	90.71683
487.3	90.3602
487.55	90.18692
487.8	89.74033
488.05	89.87875
488.3	89.71866
488.55	88.99692
488.8	89.02817
489.0666667	88.72556
489.3166667	88.72696
489.5666667	88.72983
489.8166667	88.12527
490.0666667	88.04025
490.3166667	87.70914
490.5666667	87.75052
490.8166667	87.28311
491.0666667	87.10416
491.3166667	86.94046
491.5666667	86.72415
491.8333333	86.66763
492.0666667	86.44357
492.3333333	86.13431
492.5833333	85.83481
492.8333333	85.7186
493.0833333	85.63791
493.3333333	85.44797
493.5833333	85.16751
493.8333333	84.89639
494.0833333	84.56204
494.35	84.53586
494.6	84.26157
494.85	84.06949
495.1	84.45847
495.35	84.24722
495.6	84.10104
495.85	84.00803
496.1	84.18997
496.35	83.95334
496.6	84.56607
496.85	84.71811
497.1166667	85.0101
497.3666667	85.06039
497.6166667	85.59586
497.8666667	86.13608
498.1166667	86.81839
498.3666667	86.88467
498.6166667	86.90201
498.8666667	87.61533
499.1166667	87.90408
499.3666667	88.65396
499.6166667	88.84793
499.8666667	89.28226
500.1166667	89.54117
500.3666667	89.73599
500.6166667	89.9075
500.8666667	90.47885
501.1166667	90.78671
501.3666667	91.28232
501.6333333	91.53751
501.8833333	91.97696
502.1333333	91.85812
502.3833333	92.17691
502.6333333	92.62491
502.8833333	92.68887
503.1333333	92.99582
503.3833333	93.22922
503.6333333	93.49789
503.8833333	93.82468
504.1333333	93.75345
504.3833333	93.86423
504.6333333	93.83652
504.8833333	93.74667
505.15	94.03537
505.4	93.78787
505.65	94.05185
505.9	94.35684
506.15	94.07999
506.4	93.90494
506.65	93.99783
506.9	94.26205
507.15	94.03427
507.4	93.73911
507.65	93.65018
507.9166667	93.57413
508.1666667	93.86612
508.4166667	93.62234
508.6666667	93.65176
508.9166667	93.00314
509.1666667	93.09457
509.4166667	92.7103
509.6666667	92.85843
509.9166667	92.75009
510.1833333	92.20987
510.4333333	92.26767
510.6833333	92.26987
510.9333333	92.07364
511.1833333	92.00778
511.4333333	91.75107
511.6833333	91.54129
511.9333333	91.57138
512.1833333	91.25259
512.45	91.10342
512.7	90.76535
512.95	90.90781
513.2	90.62082
513.45	90.45425
513.7	90.06528
513.95	90.15683
514.2	89.65103
514.45	89.54788
514.7	89.0831
514.95	88.93649
515.2	89.14798
515.45	88.57333
515.7166667	88.35257
515.9666667	88.27701
516.2166667	88.27444
516.4666667	87.79111
516.7166667	87.60507
516.9666667	87.46927
517.2166667	87.15036
517.4666667	87.05466
517.7166667	86.82425
517.9666667	86.40848
518.2166667	86.16922
518.4666667	86.07986
518.7166667	85.81485
518.9666667	85.64487
519.2166667	85.55484
519.4833333	85.27335
519.7333333	84.93069
519.9833333	84.5596
520.2333333	84.3187
520.4833333	84.2178
520.7333333	84.43527
520.9833333	84.15298
521.2333333	83.98209
521.4833333	83.96402
521.7333333	84.09366
521.9833333	84.26547
522.2333333	83.87894
522.4833333	84.19205
522.7333333	83.99606
522.9833333	84.28757
523.25	84.70456
523.5	84.6821
523.75	84.98624
524	85.14511
524.25	85.8942
524.5	86.02823
524.75	86.17056
525	86.60727
525.25	86.8884
525.5	87.18204
525.75	87.68784
526	87.77737
526.25	88.31888
526.5	88.45419
526.7666667	88.79636
527.0166667	88.99704
527.2666667	89.40659
527.5166667	89.72037
527.7666667	89.84988
528.0166667	90.3168
528.2666667	90.4772
528.5166667	90.93027
528.7666667	90.8251
529.0166667	90.98599
529.2666667	91.44461
529.5166667	92.04398
529.7666667	92.07248
530.0166667	92.25204
530.2833333	92.88852
530.5166667	92.62772
530.7833333	93.37234
531.0333333	93.43594
531.2833333	93.38571
531.5333333	93.52304
531.7833333	93.78958
532.0333333	93.88596
532.2833333	93.74014
532.5333333	94.04514
532.8	94.0834
533.05	93.65176
533.3	94.09512
533.55	94.02591
533.8	93.69229
534.05	93.76242
534.3	93.67728
534.55	93.60422
534.8	93.65256
535.05	93.38162
535.3	93.09726
535.55	93.07346
535.8	92.8345
536.05	93.03708
536.3	92.75516
536.55	92.51059
536.8	92.49179
537.0666667	92.09329
537.3166667	92.01559
537.5666667	91.99319
537.8166667	91.51523
538.0666667	91.63101
538.3166667	91.78775
538.5666667	91.25369
538.8166667	91.30215
539.0666667	90.77048
539.3166667	90.60648
539.5666667	90.38852
539.8166667	90.59116
540.0666667	90.32968
540.3166667	89.79691
540.5666667	89.62344
540.8333333	89.63388
541.0833333	89.69461
541.3333333	89.31454
541.5833333	89.12906
541.8333333	88.71475
542.0833333	88.67593
542.3333333	88.54251
542.5833333	88.30551
542.8333333	88.32822
543.0833333	88.11807
543.3333333	87.78976
543.5833333	87.72177
543.8333333	87.48294
544.0833333	87.04507
544.35	86.78891
544.6	86.66733
544.85	86.32968
545.1	86.31351
545.35	86.15085
545.6	86.2327
545.85	85.42319
546.1	85.79239
546.35	85.43338
546.6	85.18265
546.85	84.8519
547.1	84.51901
547.35	84.67685
547.6166667	85.06564
547.8666667	84.81406
548.1166667	85.08212
548.3666667	84.95108
548.6166667	85.24008
548.8666667	85.55612
549.1166667	85.69717
549.3666667	85.85599
549.6166667	86.05472
549.8666667	86.7117
550.1166667	86.97794
550.3666667	87.45938
550.6166667	87.48257
550.8666667	87.87552
551.1166667	88.62442
551.3666667	88.79459
551.6166667	89.06491
551.8833333	89.06406
552.1333333	89.44363
552.3833333	90.16
552.6333333	90.20511
552.8833333	90.30692
553.1333333	90.85184
553.3833333	91.07962
553.6333333	91.1666
553.8833333	91.64072
554.1333333	91.62149
554.3833333	91.74985
554.6333333	92.10416
554.8833333	92.42368
555.1333333	92.40024
555.3833333	92.54105
555.6333333	92.68771
555.9	93.06589
556.15	92.6749
556.4	93.26102
556.65	93.26083
556.9	93.4639
557.15	93.62308
557.4	93.91403
557.65	94.07346
557.9	93.84201
558.15	93.95181
558.4	93.92612
558.65	94.09647
558.9	93.99783
559.1666667	93.61984
559.4166667	94.03482
559.6666667	93.89493
559.9166667	93.8829
560.1666667	94.15683
560.4166667	93.85764
560.6666667	93.65341
560.9166667	93.51541
561.1666667	93.45047
561.4166667	93.49124
561.6666667	93.25809
561.9166667	93.23209
562.1666667	93.01987
562.4166667	92.97763
562.6833333	93.01572
562.9333333	92.68881
563.1833333	92.62222
563.4333333	92.34451
563.6833333	92.0798
563.9333333	92.21201
564.1833333	92.12509
564.4333333	91.66562
564.6833333	91.72549
564.9333333	91.41757
565.1833333	91.38657
565.4333333	91.57065
565.7	90.91611
565.95	90.45401
566.2	90.80734
566.45	90.38559
566.7	90.63773
566.95	90.03403
567.2	90.05319
567.45	89.7587
567.7	89.56912
567.95	89.36667
568.2	89.27048
568.45	89.16977
568.7	88.95291
568.95	88.73581
569.2166667	88.27127
569.4666667	88.34171
569.7166667	88.37289
569.9666667	87.89017
570.2166667	87.74509
570.4666667	87.61606
570.7166667	87.37265
570.9666667	87.36484
571.2166667	87.0621
571.4666667	86.96091
571.7166667	86.69394
571.9666667	86.36185
572.2166667	86.61789
572.4666667	86.26138
572.7333333	86.23636
572.9833333	85.80008
573.2333333	85.72397
573.4833333	85.82431
573.7333333	86.1373
573.9833333	86.51743
574.2333333	86.56772
574.4833333	86.65103
574.7333333	86.92001
574.9833333	87.50003
575.2333333	87.72476
575.4833333	87.76352
575.7333333	88.05783
576	88.21225
576.25	88.68118
576.5	88.94846
576.75	89.51437
577	89.85916
577.25	89.98862
577.5	90.11618
577.75	90.26675
578	90.87466
578.25	90.97983
578.5	91.21725
578.75	91.22226
579	91.39987
579.2666667	91.85483
579.5166667	91.79568
579.7666667	92.41751
580.0166667	92.20041
580.2666667	92.56564
580.5166667	92.63754
580.7666667	93.22031
581.0166667	92.92099
581.2666667	93.12894
581.5166667	93.34885
581.7666667	93.43332
582.0166667	93.91647
582.2666667	93.68857
582.5333333	94.00522
582.7833333	94.21048
583.0333333	94.33224
583.2833333	94.25626
583.5333333	94.34799
583.7833333	94.2504
584.0333333	94.39188
584.2833333	94.55185
584.5333333	94.43961
584.7833333	94.33121
585.0333333	94.2963
585.2833333	94.19717
585.5333333	94.15915
585.7833333	94.22867
586.05	94.11575
586.3	94.14078
586.55	93.91336
586.8	93.69589
587.05	93.65707
587.3	94.04599
587.55	93.76901
587.8	93.40457
588.05	93.45114
588.3	93.19223
588.5666667	93.32663
588.8166667	93.15665
589.0666667	92.91891
589.3166667	92.75504
589.5666667	92.69766
589.8166667	92.49338
590.0666667	92.6882
590.3166667	92.40573
590.5666667	91.97037
590.8166667	91.90555
591.0666667	91.78934
591.3166667	91.47812
591.5666667	91.33414
591.8166667	91.09531
592.0666667	91.2822
592.3166667	90.88541
592.5833333	90.84219
592.8333333	90.64554
593.0833333	90.34268
593.3333333	90.09354
593.5833333	89.81021
593.8333333	89.77316
594.0833333	89.7269
594.3333333	89.72495
594.5833333	89.27304
594.8333333	89.12442
595.1	88.92123
595.3333333	88.68204
595.6	88.68558
595.85	88.14841
596.1	88.27994
596.35	88.03403
596.6	88.0386
596.85	87.77615
597.1	87.56998
597.35	87.30856
597.6	87.24704
597.85	87.05197
598.1166667	87.07742
598.3666667	86.83908
598.6166667	86.57785
598.8666667	86.63339
599.1166667	86.27524
599.3666667	86.28885
599.6166667	86.26877
599.8666667	86.20651
600.1166667	86.7764
600.3833333	86.34695
600.6333333	86.73325
600.8833333	86.73874
601.1333333	86.81137
601.3833333	86.75949
601.6333333	87.08853
601.8833333	87.17056
602.1333333	87.78207
602.3833333	87.69339
602.6333333	88.16837
602.9	88.59744
603.15	88.70132
603.4	89.17679
603.65	89.38901
603.9	89.5704
604.15	89.93509
604.4	90.16263
604.65	90.2728
604.9	90.53848
605.15	90.92075
605.4	90.93613
605.65	91.53824
605.9	91.50162
606.15	91.69852
606.4166667	91.51895
606.6666667	92.27304
606.9166667	92.33957
607.1666667	92.55551
607.4166667	93.01346
607.6666667	93.18777
607.9166667	93.30106
608.1666667	93.49454
608.4166667	93.67282
608.6666667	93.6041
608.9166667	93.54343
609.1666667	94.18759
609.4166667	93.92294
609.6666667	93.84372
609.9333333	94.32425
610.1666667	94.3074
610.4333333	94.12753
610.6833333	94.19583
610.9333333	94.33243
611.1833333	94.41135
611.4333333	94.3367
611.6833333	94.49368
611.9333333	94.19449
612.1833333	94.27988
612.4333333	94.048
612.6833333	94.05765
612.9333333	94.24576
613.1833333	94.0062
613.45	93.71652
613.7	93.81058
613.95	93.78378
614.2	93.50906
614.45	93.52139
614.7	93.23996
614.95	93.20297
615.2	93.38828
615.45	93.17996
615.7	92.71829
615.95	92.72818
616.2	92.54861
616.45	92.60843
616.7166667	92.40506
616.9666667	91.92026
617.2166667	92.39493
617.4666667	92.33383
617.7166667	91.97934
617.9666667	91.84268
618.2166667	91.20645
618.4666667	91.5621
618.7166667	91.48972
618.9666667	91.45767
619.2166667	91.01065
619.4833333	90.70218
619.7333333	90.78677
619.9833333	90.95309
620.2333333	90.68503
620.4833333	90.15903
620.7333333	90.23831
620.9833333	89.90567
621.2333333	89.75931
621.4833333	89.65121
621.7333333	89.51358
621.9833333	89.49966
622.2333333	89.2988
622.4833333	89.048
622.7333333	88.68875
622.9833333	89.04733
623.2333333	88.50937
623.4833333	88.2587
623.75	88.28195
624	88.29611
624.25	88.11172
624.5	87.76682
624.75	87.3602
625	87.48605
625.25	87.15195
625.5	87.40604
625.75	87.3511
626	87.57944
626.25	87.29178
626.5	87.47672
626.75	87.80704
627	87.74271
627.2666667	88.13608
627.5166667	88.46225
627.7666667	88.50833
628.0166667	89.15347
628.2666667	89.27768
628.5166667	89.36606
628.7666667	89.30783
629.0166667	89.81882
629.2666667	90.03415
629.5166667	90.24045
629.7666667	90.01474
630.0166667	90.53152
630.2833333	90.80045
630.5333333	91.02768
630.7833333	91.16611
631.0333333	91.40207
631.2833333	91.61636
631.5333333	91.5585
631.7833333	91.76291
632.0333333	91.79837
632.2833333	92.14511
632.5333333	92.44174
632.7833333	92.64499
633.0333333	92.97946
633.2833333	93.14328
633.55	93.1738
633.8	93.24899
634.05	93.36923
634.3	93.56857
634.55	93.7164
634.8	94.05844
635.05	94.05978
635.3	94.14944
635.55	94.27579
635.8	94.24832
636.05	94.29721
636.3	94.8381
636.5666667	94.54025
636.8166667	94.30832
637.0666667	94.6871
637.3166667	94.35355
637.5666667	94.36258
637.8166667	94.13925
638.0666667	93.93082
638.3166667	94.24277
638.5666667	93.95633
638.8166667	93.931
639.0666667	93.97055
639.3166667	93.96506
639.5666667	93.91684
639.8166667	93.64273
640.0833333	93.5762
640.3333333	93.35922
640.5833333	93.41824
640.8333333	93.45145
641.0833333	93.00327
641.3333333	92.73318
641.5833333	92.68845
641.8333333	92.76291
642.0833333	92.6431
642.3333333	92.26419
642.5833333	92.4169
642.8333333	92.06949
643.1	92.08548
643.35	91.80838
643.6	91.49075
643.85	91.66562
644.1	91.45828
644.35	91.41946
644.6	91.16177
644.85	90.70346
645.1	91.04593
645.35	90.48441
645.6	90.61398
645.85	90.42038
646.1	90.14688
646.35	90.08707
646.6166667	89.60446
646.8666667	89.56363
647.1166667	89.45895
647.3666667	89.39786
647.6166667	89.22006
647.8666667	88.91409
648.1166667	88.84195
648.3666667	88.67233
648.6166667	88.30325
648.8666667	88.14749
649.1166667	88.10861
649.3666667	88.22696
649.6166667	87.80441
649.8666667	87.33981
650.1333333	87.44498
650.3833333	87.19626
650.6333333	87.02304
650.8833333	86.61929
651.1333333	86.78165
651.3833333	86.72183
651.6333333	86.72946
651.8833333	86.54056
652.1333333	86.59952
652.3833333	86.97397
652.6333333	87.34952
652.8833333	87.06491
653.1333333	87.2692
653.3833333	87.30472
653.6333333	87.76425
653.9	87.98233
654.15	88.26492
654.4	88.47141
654.65	88.78195
654.9	89.19589
655.15	89.21988
655.4	89.56497
655.65	90.03159
655.9	89.87314
656.15	90.17953
656.4	90.43069
656.65	91.2576
656.9	90.8461
657.15	91.49838
657.4	91.8909
657.6666667	91.98434
657.9	92.0444
658.1666667	92.24838
658.4166667	92.55753
658.6666667	92.66995
658.9166667	92.97134
659.1666667	92.8143
659.4166667	93.22916
660.0333333	93.80161
660.2833333	93.75803
660.5333333	93.9285
660.7833333	94.07999
661.0333333	94.43759
661.2833333	94.56223
661.5333333	94.55191
661.7833333	94.71671
662.0333333	94.86136
662.2833333	94.4313
662.55	95.24619
662.8	94.68411
663.05	95.27567
663.3	95.15842
663.55	95.21896
663.8	95.22348
664.05	95.24051
664.3	94.99448
664.55	95.32639
664.8	95.01431
665.05	94.83987
665.3166667	95.14865
665.5666667	95.05228
665.8166667	95.07883
666.0666667	95.06534
666.3166667	94.57309
666.5666667	94.62552
666.8166667	94.68576
667.0666667	94.3934
667.3166667	94.55118
667.5666667	94.54996
667.8166667	94.3602
668.0833333	94.28513
668.3333333	94.30093
668.5833333	94.12857
668.8333333	93.83047
669.0833333	93.89731
669.3333333	93.6716
669.5833333	93.2366
669.8333333	93.43442
670.0833333	93.13583
670.3333333	92.92545
670.5833333	92.79166
670.85	92.95395
671.1	92.64316
671.35	92.17282
671.6	92.30295
671.85	92.26553
672.1	91.74258
672.35	91.55685
672.6	91.74356
672.85	91.05862
673.1	91.10306
673.35	90.92947
673.6	90.56772
673.8666667	90.75797
674.1166667	90.49533
674.3666667	90.42795
674.6166667	90.22733
674.8666667	89.94919
675.1166667	89.79288
675.3666667	89.66592
675.6166667	89.57169
675.8666667	89.16849
676.1333333	89.14413
676.3833333	88.97543
676.6333333	89.05209
676.8833333	88.76822
677.1333333	88.55869
677.3833333	88.10007
677.6333333	88.49838
677.8833333	88.66904
678.1333333	88.20956
678.3833333	88.46512
678.6333333	88.46732
678.8833333	88.54282
679.1333333	89.24161
679.3833333	89.28067
679.65	88.97757
679.9	89.33115
680.15	89.8342
680.4	90.05789
680.65	90.09128
680.9	90.5314
681.15	90.6384
681.4	90.94205
681.65	91.42081
681.9	91.53836
682.15	91.52493
682.4	92.0032
682.65	92.3013
682.9166667	92.47775
683.1666667	92.61801
683.4166667	92.82028
683.6666667	92.85178
683.9166667	92.83792
684.1666667	93.2659
684.4166667	93.47672
684.6666667	94.03238
684.9166667	93.97647
685.1666667	93.97226
685.4166667	94.07693
685.6833333	94.25839
685.9166667	94.48196
686.1833333	94.19968
686.4333333	94.52438
686.6833333	94.58817
686.9333333	94.96121
687.1833333	94.8837
687.4333333	94.65921
687.6833333	94.88651
687.9333333	94.74857
688.1833333	94.83664
688.4333333	94.75137
688.6833333	94.62234
688.9333333	94.55081
689.1833333	94.45645
689.4333333	94.69223
689.6833333	94.45718
689.95	94.33255
690.2	94.40286
690.45	94.41592
690.7	94.34634
690.95	93.88156
691.2	94.44022
691.45	93.80984
691.7	93.65561
691.95	93.70975
692.2	93.4415
692.45	93.34567
692.7	93.51651
692.95	93.03983
693.2	92.75504
693.45	93.1398
693.7166667	92.6741
693.9666667	92.48178
694.2166667	92.11868
694.4666667	92.33902
694.7166667	92.21237
694.9666667	91.90439
695.2166667	91.56015
695.4666667	92.00919
695.7166667	91.3757
695.9666667	91.31619
696.2166667	91.01682
696.4666667	90.88278
696.7166667	91.15018
696.9666667	90.88358
697.2166667	90.31595
697.4833333	90.32724
697.7333333	89.9888
697.9833333	89.86679
698.2333333	89.67111
698.4833333	89.69266
698.7333333	89.24655
698.9833333	89.34213
699.2333333	89.18912
699.4833333	89.1246
699.7333333	88.87686
699.9833333	88.60159
700.25	88.18991
700.5	88.4971
700.75	88.12863
701	88.04538
701.25	87.82608
701.5	87.77792
701.75	87.30948
702	87.08133
702.25	87.09714
702.5	87.15347
702.75	86.60806
703	86.62106
703.25	86.8956
703.5166667	86.79977
703.7666667	86.83481
704.0166667	86.79288
704.2666667	87.1528
704.5166667	87.01797
704.7666667	86.87082
705.0166667	87.11697
705.2666667	87.14053
705.5166667	87.94894
705.7666667	87.87161
706.0166667	87.97836
706.2666667	88.47018
706.5166667	88.634
706.7666667	89.15048
707.0166667	89.13412
707.2666667	89.71866
707.5166667	89.30502
707.7666667	90.10666
708.0166667	90.0148
708.2833333	90.54227
708.5333333	90.69662
708.7833333	90.80563
709.0333333	91.14792
709.2833333	91.42422
709.5333333	91.56607
709.7833333	91.9501
710.0333333	92.28659
710.2833333	92.43948
710.5333333	92.58963
710.7833333	93.18643
711.05	92.95926
711.3	93.05008
711.55	93.74014
711.8	93.36398
712.05	93.68307
712.3	93.78696
712.55	93.60526
712.8	94.1138
713.05	94.20786
713.3	94.37723
713.55	94.5549
713.8	94.48251
714.05	94.40189
714.3166667	94.49954
714.5666667	94.3063
714.8166667	94.4949
715.0666667	94.24252
715.3166667	94.4816
715.5666667	94.10129
715.8166667	94.30679
716.0666667	94.29202
716.3166667	94.19516
716.5666667	94.10062
716.8166667	93.69876
717.0666667	93.92447
717.3166667	93.77725
717.5666667	93.44974
717.8166667	93.46164
718.0833333	93.69199
718.3333333	93.48148
718.5833333	93.18954
718.8333333	92.73447
719.0833333	92.83774
719.3333333	92.6171
719.5833333	92.2374
719.8333333	92.30771
720.0833333	92.08548
720.3333333	92.27481
720.5833333	92.01901
720.8333333	91.86984
721.0833333	91.6431
721.3333333	91.33755
721.5833333	91.27567
721.85	91.06778
722.1	91.11411
722.35	90.81406
722.6	90.57303
722.85	90.51053
723.1	90.34103
723.35	90.25479
723.6	89.73593
723.85	89.9136
724.1	89.85696
724.35	89.54935
724.6	89.59476
724.85	89.50418
725.1166667	89.33713
725.3666667	89.01218
725.6166667	89.09164
725.8666667	88.52554
726.1166667	88.65945
726.3666667	88.36319
726.6166667	88.21561
726.8666667	88.06247
727.1166667	87.84421
727.3666667	87.38089
727.6166667	87.40842
727.8666667	87.23111
728.1166667	87.34164
728.3833333	86.82217
728.6333333	86.89737
728.8833333	86.60861
729.1333333	86.71957
729.3833333	86.59238
729.6333333	86.62601
729.8833333	86.63925
730.1333333	86.6846
730.3833333	86.84366
730.6333333	86.67557
730.9	86.7377
731.1333333	86.97086
731.4	87.05588
731.65	87.92538
731.9	87.83835
732.15	88.11526
732.4	88.5997
732.65	89.02072
732.9	88.89554
733.15	89.28836
733.4	89.75809
733.65	89.85037
733.9	90.24277
734.15	90.23581
734.4	90.70462
734.65	90.87704
734.9	91.33145
735.15	91.64493
735.4	91.78641
735.6666667	92.13907
735.9166667	92.18124
736.1666667	92.42233
736.4166667	92.59225
736.6666667	92.79745
736.9166667	92.8671
737.1666667	93.24161
737.4166667	93.31839
737.6833333	93.5629
737.9333333	93.72281
738.1833333	93.96078
738.4333333	93.98367
738.6833333	93.96487
738.9333333	94.41672
739.1833333	94.49539
739.4333333	94.29074
739.6833333	94.4534
739.9333333	94.40646
740.1833333	94.5195
740.45	94.57468
740.7	94.71054
740.95	94.69955
741.2	94.45084
741.45	94.37161
741.7	94.59842
741.95	94.3356
742.2	94.72116
742.45	94.29556
742.7	94.55356
742.95	93.8826
743.2	94.00504
743.4666667	93.93759
743.7166667	94.03867
743.9666667	93.97092
744.2166667	93.56125
744.4666667	93.56827
744.7166667	93.06064
744.9666667	93.38187
745.2166667	93.18314
745.4666667	92.93283
745.7166667	93.00052
745.9666667	92.62741
746.2166667	92.41757
746.4666667	92.70053
746.7333333	92.26059
746.9833333	91.83127
747.2333333	91.85104
747.4833333	91.90292
747.7333333	91.58597
747.9833333	91.74026
748.2333333	91.44693
748.4833333	90.98837
748.7333333	91.13278
748.9833333	91.09146
749.2333333	90.74588
749.4833333	90.55356
749.7333333	90.27444
749.9833333	90.1268
750.2333333	90.41171
750.4833333	90.07932
750.7333333	90.0878
751	89.86557
751.25	89.43735
751.5	89.38113
751.75	89.29245
752	89.12192
752.25	89.08884
752.5	88.78036
752.75	88.75363
753	88.44766
753.25	87.96909
753.5	88.2327
753.7666667	88.14224
754.0166667	87.76028
754.2666667	87.91855
754.5166667	87.6221
754.7666667	87.52408
755.0166667	87.38754
755.2666667	87.36734
755.5166667	87.36551
755.7666667	87.5463
756.0166667	87.25101
756.2666667	87.61783
756.5166667	87.84921
756.7666667	88.16776
757.0333333	88.50662
757.2833333	88.90524
757.5333333	89.00845
757.7833333	89.23856
758.0333333	89.77316
758.2833333	90.20108
758.5333333	90.35245
758.7833333	90.84378
759.0333333	91.47403
759.2833333	91.45712
759.5333333	91.59628
759.7833333	91.99557
760.0333333	92.39993
760.2833333	92.66617
760.55	92.57529
760.8	93.32993
761.05	93.15128
761.3	93.52493
761.55	93.64371
761.8	94.20212
762.05	93.94675
762.3	94.68997
762.55	94.24283
762.8166667	94.29782
763.0666667	94.6199
763.3166667	94.74197
763.5666667	94.95169
763.8166667	95.02408
764.0666667	95.11905
764.3166667	95.0596
764.5666667	95.22397
764.8166667	95.33664
765.0666667	95.43198
765.3166667	95.27109
765.5666667	95.6785
765.8166667	95.5903
766.0666667	95.73434
766.3333333	95.43539
766.5833333	95.5834
766.8333333	95.38803
767.0833333	95.48788
767.3333333	95.09775
767.5833333	94.75937
767.8333333	94.98813
768.0833333	95.11362
768.3333333	95.17447
768.5833333	94.66879
768.8333333	94.83408
769.0833333	94.80392
769.3333333	94.41666
769.5833333	94.3038
769.85	94.05649
770.1	93.93912
770.35	93.92343
770.6	93.58939
770.85	93.63474
771.1	93.43362
771.35	93.52805
771.6	93.1409
771.85	93.20023
772.1	93.02835
772.35	92.91068
772.6	92.8588
772.85	92.44016
773.1	92.81393
773.35	92.09219
773.6166667	92.15622
773.8666667	92.39157
774.1166667	92.08481
774.3666667	92.10104
774.6166667	91.88602
774.8666667	91.39572
775.1166667	91.65799
775.3666667	91.0322
775.6166667	91.05789
775.8666667	91.06009
776.1166667	90.95847
776.3666667	90.74869
776.6333333	90.72617
776.8833333	90.5563
777.1333333	90.58176
777.3833333	90.30087
777.6333333	90.10953
777.8833333	89.68985
778.1333333	89.89291
778.3833333	89.30441
778.6333333	89.40231
778.8833333	89.12894
779.15	89.15518
779.4	89.13071
779.65	89.01578
779.9	88.58041
780.15	88.37753
780.4	88.39615
780.65	88.10129
780.9	88.13144
781.15	87.94247
781.4	88.04446
781.65	87.85648
781.9	87.52402
782.15	87.95761
782.4	87.84402
782.6666667	87.86087
782.9166667	88.20822
783.1666667	88.31467
783.4166667	88.62167
783.6666667	88.85574
783.9166667	89.01297
784.1666667	89.09647
784.4166667	89.51254
784.6833333	89.76529
784.9333333	90.08951
785.1833333	90.129
785.4333333	90.59158
785.6833333	90.89474
785.9333333	91.27139
786.1833333	91.5892
786.4333333	92.00204
786.6833333	91.83377
786.9333333	92.26163
787.2	92.45724
787.4333333	92.98349
787.7	93.12338
787.95	92.86331
788.2	93.2388
788.45	93.41385
788.7	93.58176
788.95	93.40152
789.2	93.58963
789.45	93.63931
789.7	94.25894
789.95	94.23929
790.2	94.45016
790.4666667	94.35751
790.7	94.31149
790.9666667	94.63303
791.2166667	94.43521
791.4666667	94.55563
791.7166667	94.54538
791.9666667	94.99252
792.2166667	94.66104
792.4666667	94.92795
792.7166667	95.05624
792.9666667	94.87039
793.2166667	94.70731
793.4666667	94.94345
793.7333333	94.71243
793.9833333	94.89725
794.2333333	94.91043
794.4833333	94.78207
794.7333333	94.85953
794.9833333	94.82999
795.2333333	94.47366
795.4833333	94.28372
795.7333333	94.16837
795.9833333	94.33652
796.2333333	93.90866
796.4833333	93.89493
796.7333333	93.98288
797	93.45651
797.25	93.41525
797.5	93.18832
797.75	93.35635
798	93.12503
798.25	92.89529
798.5	92.61685
798.75	92.64536
799	92.47391
799.25	92.2468
799.5	92.06741
799.75	92.28104
800	92.17654
800.25	91.60739
800.5	91.88058
800.75	91.78482
801.0166667	91.48343
801.2666667	91.56229
801.5166667	91.54758
801.7666667	91.1683
802.0166667	91.1041
802.2666667	91.1265
802.5166667	90.63101
802.7666667	90.53995
803.0166667	90.51767
803.2666667	90.45865
803.5333333	90.41733
803.7833333	89.98441
804.0333333	89.68253
804.2833333	89.94846
804.5333333	89.5596
804.7833333	89.60324
805.0333333	88.98843
805.2833333	89.03165
805.5333333	88.63113
805.7833333	88.70847
806.0333333	88.55319
806.2833333	88.25961
806.5333333	88.01205
806.7833333	87.6022
807.05	88.0687
807.3	87.98636
807.55	88.02145
807.8	87.94553
808.05	88.44937
808.3	88.31778
808.55	88.48618
808.8	88.75986
809.05	88.71927
809.3	88.70682
809.55	89.2305
809.8	89.36838
810.0666667	89.65262
810.3166667	89.89938
810.5666667	90.00516
810.8166667	90.13858
811.0666667	90.25888
811.3166667	90.48965
811.5666667	90.93314
811.8166667	91.05197
812.0666667	91.25101
812.3166667	91.7515
812.5666667	91.78122
812.8333333	92.16013
813.0833333	92.0145
813.3333333	92.69858
813.5833333	92.75235
813.8333333	92.90079
814.0833333	92.85941
814.3333333	93.20004
814.5833333	93.58646
814.8333333	93.45657
815.0833333	93.98587
815.35	94.06961
815.5833333	94.05746
815.85	94.37082
816.1	94.56009
816.35	94.28555
816.6	94.4866
816.85	94.73001
817.1	95.05295
817.35	94.84818
817.6	94.91562
817.85	94.82773
818.1166667	94.78592
818.3666667	94.84293
818.6166667	95.18185
818.8666667	94.82144
819.1166667	94.88614
819.3666667	95.02512
819.6166667	94.87375
819.8666667	94.64017
820.1166667	94.66708
820.3666667	94.55173
820.6333333	94.48532
820.8666667	94.4053
821.1333333	94.42123
821.3833333	94.39853
821.6333333	94.33109
821.8833333	93.89304
822.1333333	93.79337
822.3833333	93.69113
822.6333333	93.85886
822.8833333	93.81912
823.1333333	93.35623
823.3833333	93.44003
823.6333333	93.32101
823.8833333	93.07108
824.15	92.94162
824.4	93.04654
824.65	92.65598
824.9	92.2908
825.15	92.64609
825.4	92.35806
825.65	92.00931
825.9	92.03635
826.15	92.05814
826.4166667	91.71524
826.6666667	91.53244
826.9166667	91.36819
827.1666667	91.13113
827.4166667	91.09799
827.6666667	90.8577
827.9166667	90.84909
828.1666667	90.78568
828.4166667	90.53989
828.6666667	90.46841
828.9166667	89.89145
829.1666667	89.90158
829.4333333	89.99509
829.6833333	89.81973
829.9333333	89.38913
830.1833333	89.43332
830.4333333	89.50626
830.6833333	88.93668
830.9333333	89.18399
831.1833333	89.15445
831.4333333	88.44998
831.6833333	88.77225
831.9333333	88.43466
832.1833333	88.50064
832.4333333	88.03275
832.7	87.94193
832.95	87.70383
833.2	88.29355
833.45	87.61203
833.7	88.00595
833.95	87.81021
834.2	87.85678
834.45	88.14145
834.7	88.24783
834.95	88.42014
835.2	88.34775
835.45	88.90799
835.7	89.18631
835.9666667	89.41275
836.2166667	89.44913
836.4666667	89.74973
836.7166667	89.76529
836.9666667	90.20474
837.2166667	90.58609
837.4666667	90.72305
837.7166667	90.87247
837.9666667	90.99399
838.2166667	91.22708
838.4666667	91.64676
838.7166667	91.84348
838.9666667	91.80881
839.2333333	92.43314
839.4833333	92.84573
839.7333333	92.918
839.9833333	93.1387
840.2333333	93.66367
840.4833333	93.48367
840.7333333	93.88345
840.9833333	93.86191
841.2333333	93.72867
841.4833333	94.02634
841.7333333	93.98331
841.9833333	94.56723
842.25	94.71542
842.5	94.61026
842.75	94.68185
843	94.91708
843.25	94.98892
843.5	94.60776
843.75	94.9368
844	94.62619
844.25	95.00278
844.5	94.84891
844.75	94.61624
845.0166667	95.01859
845.2666667	94.86057
845.5166667	94.91434
845.7666667	94.89029
846.0166667	94.74045
846.2666667	95.1149
846.5166667	94.72513
846.7666667	94.61057
847.0166667	94.6763
847.2666667	94.50723
847.5166667	94.37131
847.7666667	94.18259
848.0166667	94.13589
848.2833333	94.29471
848.5333333	93.91867
848.7833333	94.03024
849.0333333	93.67087
849.2833333	93.61746
849.5333333	93.54086
849.7833333	93.07932
850.0333333	93.05515
850.2833333	93.07376
850.5333333	93.0864
850.7833333	92.64658
851.0333333	92.58224
851.2833333	92.43338
851.5333333	92.40976
851.8	91.9241
852.05	92.1312
852.3	91.51266
852.55	91.60397
852.8	91.83633
853.05	91.34012
853.3	91.24112
853.55	91.23221
853.8	91.05051
854.05	90.60342
854.3	90.67929
854.55	90.47171
854.8	90.24649
855.05	90.16055
855.3	89.6124
855.55	89.99643
855.8166667	89.71866
856.05	89.73843
856.3166667	89.23795
856.5666667	89.02628
856.8166667	88.92728
857.0666667	88.95328
857.3166667	88.90482
857.5666667	88.57706
857.8166667	88.65836
858.0666667	88.56534
858.3166667	88.06772
858.5666667	87.8096
858.8333333	88.20523
859.0833333	88.12888
859.3333333	87.7421
859.5833333	87.80405
859.8333333	87.74918
860.0833333	88.1998
860.3333333	88.43344
860.5833333	88.48367
860.8333333	88.50815
861.0833333	88.90878
861.3333333	89.11624
861.6	89.51529
861.85	89.64114
862.1	90.10574
862.35	90.31204
862.6	90.85019
862.85	91.05942
863.1	91.48489
863.35	91.54691
863.6	91.88608
863.85	92.38034
864.1	92.06052
864.35	92.11691
864.6	92.50107
864.8666667	92.51389
865.1166667	92.98672
865.3666667	93.16031
865.6166667	93.09341
865.8666667	93.28549
866.1166667	93.43686
866.3666667	93.86801
866.6166667	93.97653
866.8666667	93.92111
867.1166667	94.07999
867.3666667	94.20975
867.6166667	94.61514
867.8666667	94.2225
868.1166667	94.69083
868.3666667	94.79483
868.6333333	94.62827
868.8833333	94.78799
869.1333333	94.97427
869.3833333	95.06003
869.6333333	95.22635
869.8833333	94.62924
870.1333333	95.26315
870.3833333	94.86386
870.6333333	94.8754
870.8833333	94.69827
871.1333333	94.45499
871.3833333	94.8699
871.6333333	94.69742
871.8833333	94.82211
872.15	94.77383
872.4	94.41855
872.65	94.62082
872.9	94.40707
873.15	94.23984
873.4	93.89883
873.65	93.55301
873.9	93.38162
874.15	93.39499
874.4	93.57407
874.65	93.27798
874.9166667	93.15659
875.1666667	93.11063
875.4166667	92.86514
875.6666667	92.74722
875.9166667	92.66275
876.1666667	92.61526
876.4166667	92.29001
876.6666667	92.33621
876.9166667	92.09109
877.1666667	91.97757
877.4166667	91.82333
877.6666667	91.88651
877.9166667	91.47891
878.1666667	91.39725
878.4166667	91.06552
878.6666667	91.05435
878.9333333	90.90067
879.1833333	90.75656
879.4333333	90.57278
879.6833333	90.37698
879.9333333	90.29794
880.1833333	90.22946
880.4333333	89.92801
880.6833333	89.92172
880.9333333	89.82748
881.1833333	89.57962
881.4333333	89.29855
881.7	89.28506
881.95	88.94376
882.2	88.82303
882.45	88.55301
882.7	88.48935
882.95	88.54251
883.2	87.84946
883.45	87.90262
883.7	88.38596
883.95	87.82071
884.2	87.19968
884.45	87.50748
884.7	87.17709
884.95	86.97311
885.2	87.03238
885.45	86.88797
885.7166667	87.07437
885.9666667	87.24081
886.2166667	87.19766
886.4666667	86.8801
886.7166667	87.62466
886.9666667	87.79532
887.2166667	87.9686
887.4666667	88.18509
887.7166667	88.41415
887.9666667	88.26254
888.2166667	88.60385
888.4666667	88.79257
888.7166667	88.92429
888.9833333	89.58029
889.2333333	89.92996
889.4833333	89.87314
889.7333333	90.58524
889.9833333	90.34415
890.2333333	90.88602
890.4833333	90.89584
890.7333333	91.63943
890.9833333	91.7009
891.2333333	91.92551
891.4833333	91.5798
891.7333333	92.17526
891.9833333	92.66641
892.2333333	92.66959
892.5	92.80051
892.75	93.26273
893	93.04251
893.25	93.5994
893.5	93.49893
893.75	93.60031
894	94.16916
894.25	94.21933
894.5	94.09232
894.75	94.54971
895	94.68954
895.25	94.65146
895.5166667	94.45804
895.7666667	94.73477
896.0166667	94.83823
896.2666667	94.77628
896.5166667	95.16251
896.7666667	94.82675
897.0166667	94.91141
897.2666667	94.61398
897.5166667	94.96152
897.7666667	94.85611
898.0166667	94.57968
898.2666667	94.60202
898.5166667	94.49545
898.7666667	94.82101
899.0166667	94.48044
899.2833333	94.41916
899.5333333	94.1149
899.7833333	94.0665
900.0333333	94.11789
900.2833333	93.96304
900.5333333	93.96463
900.7833333	94.09964
901.0333333	93.63791
901.2833333	93.43954
901.55	93.38864
901.8	93.59909
902.05	93.30045
902.3	92.99503
902.55	92.94186
902.8	92.53915
903.05	92.43137
903.3	92.44302
903.55	92.49356
903.8	92.0585
904.0666667	91.80563
904.3166667	91.853
904.5666667	91.77756
904.8166667	91.39719
905.0666667	91.21078
905.3166667	91.26083
905.5666667	91.10977
905.8166667	91.01028
906.0666667	90.97092
906.3166667	90.72983
906.5666667	90.47971
906.8166667	90.32498
907.0666667	90.09683
907.3166667	89.80313
907.5833333	89.68161
907.8333333	89.88931
908.0833333	89.49368
908.3333333	89.16635
908.5833333	89.05344
908.8333333	89.12149
909.0833333	88.68039
909.3333333	88.61868
909.5833333	88.78409
909.8333333	88.29703
910.0833333	88.28824
910.3333333	88.27475
910.5833333	87.79575
910.8333333	87.59494
911.0833333	87.53812
911.35	87.91135
911.5833333	87.76889
911.85	87.69034
912.1	87.95847
912.35	87.87643
912.6	88.27847
912.85	88.43509
913.1	88.59012
913.35	88.86368
913.6	88.95053
913.85	89.48917
914.1	89.96048
914.35	90.23477
914.6	90.40402
914.8666667	90.42337
915.1166667	90.84433
915.3666667	91.09415
915.6166667	91.47543
915.8666667	91.7164
916.1166667	91.80209
916.3666667	92.17075
916.6166667	92.0947
916.8666667	92.62033
917.1166667	92.47678
917.3666667	92.72195
917.6166667	92.47275
917.8666667	93.18289
918.1333333	93.16354
918.3833333	93.31827
918.6333333	93.53293
918.8833333	93.38431
919.1333333	93.84146
919.3833333	93.87692
919.6333333	93.87344
919.8833333	94.26035
920.1333333	93.76529
920.3833333	94.04611
920.6333333	94.37405
920.9	94.26913
921.15	94.42972
921.4	94.38779
921.65	94.56033
921.9	94.81644
922.15	94.34116
922.4	94.70126
922.65	94.36496
922.9	94.94229
923.15	94.60355
923.4	94.59207
923.6666667	94.73862
923.9166667	94.23209
924.1666667	94.28055
924.4166667	94.34531
924.6666667	94.08609
924.9166667	94.11362
925.1666667	94.07333
925.4166667	94.32211
925.6666667	94.03574
925.9166667	93.72812
926.1833333	93.6174
926.4333333	93.64145
926.6833333	93.42575
926.9333333	93.43332
927.1833333	93.39224
927.4333333	93.02573
927.6833333	93.22141
927.9333333	93.16214
928.1833333	92.83212
928.4333333	92.59097
928.7	92.6965
928.95	92.51181
929.2	92.08481
929.45	92.20242
929.7	91.97159
929.95	92.00766
930.2	91.96329
930.45	91.89139
930.7	91.62119
930.95	91.56467
931.2	91.26529
931.45	91.33652
931.7	90.84189
931.9666667	90.68619
932.2166667	90.73331
932.4666667	91.06564
932.7166667	90.37228
932.9666667	90.32339
933.2166667	90.18735
933.4666667	90.23166
933.7166667	89.8959
933.9666667	89.83566
934.2166667	89.51651
934.4833333	89.38864
934.7333333	89.63516
934.9833333	89.05594
935.2333333	88.92062
935.4833333	89.08438
935.7333333	88.43082
935.9833333	88.58932
936.2333333	88.51169
936.4833333	88.05301
936.7333333	88.14108
936.9833333	88.14114
937.2333333	88.26718
937.5	88.1669
937.75	88.13736
938	88.09067
938.25	88.43356
938.5	88.40091
938.75	88.5452
939	88.92209
939.25	89.4133
939.5	89.56161
939.75	89.56522
940	89.65341
940.25	90.17062
940.5	90.1752
940.7666667	90.26346
941.0166667	90.61655
941.2666667	91.15305
941.5166667	91.11905
941.7666667	91.37766
942.0166667	91.44205
942.2666667	91.41983
942.5166667	91.87009
942.7666667	92.27188
943.0166667	92.47348
943.2666667	92.47946
943.5333333	92.746
943.7833333	92.80984
944.0333333	93.30838
944.2833333	93.21347
944.5333333	93.40311
944.7833333	93.75864
945.0333333	93.98495
945.2833333	93.6666
945.5333333	93.64218
945.7833333	93.95108
946.0333333	94.24008
946.2833333	94.19205
946.5333333	94.39407
946.7833333	94.61331
947.0333333	94.39413
947.2833333	94.74124
947.5333333	94.61935
947.8	94.76169
948.05	94.70804
948.3	95.0015
948.55	94.74277
948.8	94.7449
949.05	94.76254
949.3	94.871
949.55	94.51553
949.8	94.84897
950.05	94.73996
950.3	94.70242
950.5666667	94.50699
950.8166667	94.24435
951.0666667	93.96231
951.3166667	94.10306
951.5666667	93.93674
951.8166667	93.67075
952.0666667	93.83792
952.3166667	93.45029
952.5666667	93.47672
952.8166667	93.5159
953.0666667	93.11288
953.3166667	92.90347
953.5666667	92.86996
953.8166667	92.89603
954.0833333	92.86594
954.3333333	92.91727
954.5833333	92.44113
954.8333333	92.56259
955.0833333	92.30032
955.3333333	91.99515
955.5833333	91.61172
955.8333333	91.42471
956.0833333	91.49185
956.3333333	91.28677
956.5833333	91.12589
956.8333333	91.02798
957.0833333	90.8035
957.35	90.60977
957.6	90.42087
957.85	90.43967
958.1	90.26041
958.35	89.56479
958.6	89.59958
958.85	89.77438
959.1	89.51212
959.35	89.52469
959.6	89.30936
959.85	89.3732
960.1	88.99435
960.35	88.55484
960.6166667	88.7388
960.8666667	88.34842
961.1166667	88.46628
961.3666667	88.01047
961.6166667	88.04257
961.8666667	87.95712
962.1166667	87.82272
962.3666667	87.55325
962.6166667	87.51956
962.8666667	87.31625
963.1166667	87.52737
963.3666667	87.36533
963.6166667	87.3613
963.8666667	87.05838
964.1166667	87.1608
964.3666667	87.4595
964.6333333	87.52823
964.8833333	87.65164
965.1333333	87.6575
965.3833333	87.99106
965.6333333	87.99545
965.8833333	88.15982
966.1333333	88.34085
966.3833333	88.50967
966.6333333	88.72458
966.8833333	89.14438
967.15	89.1171
967.4	89.241
967.65	89.65158
967.9	90.30704
968.15	90.4913
968.4	90.66165
968.65	90.98996
968.9	91.71762
969.15	91.80722
969.4	91.92667
969.65	92.14505
969.9	92.22281
970.15	92.74985
970.4	93.06021
970.6666667	92.96732
970.9166667	93.00504
971.1666667	93.37711
971.4166667	93.68893
971.6666667	93.71237
971.9166667	93.62497
972.1666667	94.11807
972.4166667	94.2233
972.6666667	94.41946
972.9166667	94.40726
973.1666667	94.17062
973.4166667	94.28909
973.6666667	94.4144
973.9333333	94.60538
974.1833333	94.16611
974.4333333	93.94119
974.6833333	93.59921
974.9333333	93.4675
975.1833333	93.59775
975.4333333	93.07858
975.6833333	93.14078
975.9333333	93.33524
976.2	92.8569
976.45	93.21762
976.7	93.37131
976.95	93.13602
977.2	93.15695
977.45	93.09122
977.7	93.01077
977.95	93.09842
978.2	92.80191
978.45	92.89597
978.7	92.67026
978.95	92.74417
979.2	92.87131
979.45	92.21884
979.7	92.21652
979.95	92.25851
980.2166667	92.10965
980.4666667	91.90714
980.7166667	91.8707
980.9666667	91.87302
981.2166667	91.5145
981.4666667	91.36966
981.7166667	91.56229
981.9666667	91.54495
982.2166667	91.22141
982.4666667	91.06741
982.7166667	91.16135
982.9666667	90.91202
983.2333333	90.75186
983.4833333	90.39481
983.7333333	90.37003
983.9833333	90.53329
984.2333333	89.87717
984.4833333	89.91501
984.7333333	89.62906
984.9833333	89.37033
985.2333333	89.25034
985.4833333	89.29208
985.7333333	89.04825
985.9833333	88.86606
986.25	88.82516
986.5	88.50833
986.75	88.61563
987	88.34464
987.25	88.54623
987.5	88.07803
987.75	88.13986
988	87.98611
988.25	87.746
988.5	87.87796
988.75	87.40012
989	87.37692
989.2666667	87.08145
989.5166667	87.07339
989.7666667	87.19327
990.0166667	87.00833
990.2666667	87.05582
990.5166667	87.3237
990.7666667	86.89029
991.0166667	87.43503
991.2666667	87.45328
991.5333333	87.96036
991.7666667	88.01047
992.0333333	88.17911
992.2833333	88.57187
992.5333333	88.41068
992.7833333	88.92178
993.0333333	89.13467
993.2833333	89.5087
993.5333333	89.73026
993.7833333	89.75827
994.0333333	90.29092
994.2833333	90.44254
994.5333333	90.98032
994.7833333	91.06778
995.0333333	91.39774
995.3	91.68387
995.55	91.66086
995.8	92.04605
996.05	92.09933
996.3	92.47226
996.55	92.70724
996.8	93.07059
997.05	93.04324
997.3	93.40359
997.55	93.15952
997.8	93.54361
998.05	93.42886
998.3166667	93.8226
998.5666667	93.72092
998.8166667	93.9556
999.0666667	93.84708
999.3166667	94.06845
999.5666667	94.38528
999.8166667	94.36453
1000.066667	94.58072
1000.316667	94.17252
1000.566667	94.36191
1000.816667	94.2551
1001.083333	94.60397
1001.333333	94.28171
1001.583333	94.50723
1001.833333	94.08517
1002.083333	94.08572
1002.333333	94.25729
1002.583333	94.28812
1002.833333	93.98489
1003.083333	94.03867
1003.333333	94.08517
1003.583333	93.96835
1003.833333	94.18283
1004.1	93.77676
1004.35	93.85922
1004.6	93.39224
1004.85	93.39206
1005.1	93.33554
1005.35	93.22897
1005.6	93.10812
1005.85	93.05179
1006.1	93.16068
1006.35	92.63779
1006.616667	92.39041
1006.866667	92.05478
1007.116667	92.48135
1007.366667	92.02487
1007.616667	92.31741
1007.866667	91.99094
1008.116667	91.92343
1008.366667	91.66226
1008.616667	91.56644
1008.866667	91.56955
1009.116667	91.40805
1009.366667	91.32657
1009.616667	91.24356
1009.866667	91.13333
1010.116667	90.99112
1010.366667	90.59445
1010.633333	90.29086
1010.883333	90.08835
1011.133333	90.0878
1011.383333	89.7988
1011.633333	89.91116
1011.883333	89.73068
1012.133333	89.49258
1012.383333	89.20798
1012.633333	89.04233
1012.883333	88.60721
1013.133333	88.52963
1013.383333	88.5043
1013.65	88.65036
1013.9	88.25259
1014.15	87.88742
1014.4	87.65237
1014.65	87.5441
1014.9	87.44058
1015.15	87.36636
1015.4	87.50906
1015.65	87.57596
1015.9	87.24765
1016.15	87.23355
1016.4	87.56845
1016.65	87.55045
1016.916667	87.62393
1017.166667	87.79489
1017.416667	88.06827
1017.666667	88.207
1017.916667	88.43411
1018.166667	88.5596
1018.416667	88.83011
1018.666667	89.0546
1018.916667	89.39841
1019.166667	89.82236
1019.416667	90.06546
1019.683333	90.38406
1019.916667	90.30435
1020.166667	90.82962
1020.433333	91.37589
1020.683333	91.32394
1020.933333	91.63309
1021.183333	91.93674
1021.433333	91.75888
1021.683333	92.16806
1021.933333	92.5596
1022.183333	92.47208
1022.433333	92.88412
1022.683333	93.06039
1022.933333	93.19321
1023.183333	93.4357
1023.45	93.50137
1023.7	93.64078
1023.95	93.6777
1024.2	94.21384
1024.45	94.24271
1024.7	94.1929
1024.95	94.61081
1025.2	94.30264
1025.45	94.17252
1025.7	94.5029
1025.95	94.41293
1026.2	94.75375
1026.45	94.96695
1026.7	94.73679
1026.95	94.79459
1027.216667	94.76474
1027.466667	94.60294
1027.716667	94.42337
1027.966667	94.52377
1028.216667	94.11478
1028.466667	94.55148
1028.716667	94.31686
1028.966667	94.33127
1029.216667	94.1666
1029.466667	94.08066
1029.716667	94.15866
1029.966667	93.94919
1030.216667	93.76901
1030.483333	93.47958
1030.733333	93.82187
1030.983333	93.41965
1031.233333	93.42758
1031.483333	93.34659
1031.733333	93.06693
1031.983333	92.93533
1032.233333	92.91245
1032.483333	93.01205
1032.733333	92.76712
1032.983333	92.40286
1033.233333	92.48734
1033.483333	92.06699
1033.733333	92.06131
1033.983333	91.99948
1034.25	91.94034
1034.5	91.9299
1034.75	91.70547
1035	91.49704
1035.25	91.60123
1035.5	91.21579
1035.75	91.13693
1036	91.40121
1036.25	90.88364
1036.5	90.49979
1036.75	90.81546
1037	90.46964
1037.25	90.50668
1037.516667	90.11404
1037.766667	89.8652
1038.016667	89.73532
1038.266667	89.82303
1038.516667	89.32944
1038.766667	89.48813
1039.016667	89.48965
1039.266667	89.32071
1039.516667	89.03506
1039.766667	88.63559
1040.033333	88.3801
1040.283333	88.44656
1040.533333	88.75754
1040.783333	88.32724
1041.033333	88.2811
1041.283333	88.19302
1041.533333	88.07132
1041.783333	88.22977
1042.033333	88.00186
1042.283333	88.4838
1042.533333	88.33542
1042.783333	88.33426
1043.033333	89.00107
1043.283333	88.82071
1043.55	89.04422
1043.8	89.36551
1044.05	89.76175
1044.3	89.98752
1044.55	90.15817
1044.8	90.36008
1045.05	90.44528
1045.3	90.86343
1045.55	90.95456
1045.8	91.34573
1046.05	91.45029
1046.3	91.90024
1046.55	91.73471
1046.8	92.28018
1047.066667	92.02036
1047.316667	92.57675
1047.566667	92.56845
1047.816667	92.86429
1048.066667	93.13254
1048.316667	92.99875
1048.566667	93.2388
1048.816667	93.47336
1049.066667	93.67984
1049.316667	93.83353
1049.566667	93.75717
1049.816667	94.1019
1050.083333	94.33237
1050.333333	94.65012
1050.583333	94.46591
1050.833333	95.04727
1051.083333	94.93094
1051.333333	94.90292
1051.583333	95.08932
1051.833333	94.95816
1052.083333	94.99417
1052.333333	94.85977
1052.583333	94.99478
1052.85	95.15781
1053.1	94.96957
1053.35	95.25003
1053.6	94.89841
1053.85	94.62924
1054.1	94.82889
1054.35	94.83823
1054.6	94.39554
1054.85	94.7225
1055.1	94.49277
1055.35	94.53262
1055.616667	94.75558
1055.866667	94.4642
1056.116667	94.33109
1056.366667	93.90189
1056.616667	93.71323
1056.866667	93.79153
1057.116667	93.3688
1057.366667	93.77646
1057.616667	93.63394
1057.866667	93.23917
1058.116667	93.35538
1058.383333	93.17899
1058.633333	92.95883
1058.883333	92.96884
1059.133333	92.88998
1059.383333	92.45041
1059.633333	92.71597
1059.883333	92.29416
1060.133333	92.12381
1060.383333	92.0137
1060.633333	91.8425
1060.883333	92.08304
1061.133333	91.80515
1061.383333	91.71439
1061.65	91.4653
1061.9	91.43784
1062.15	91.07742
1062.4	90.79996
1062.65	90.84714
1062.9	90.79996
1063.15	90.0441
1063.4	90.4523
1063.65	90.41855
1063.9	90.0834
1064.15	89.71487
1064.416667	90.00253
1064.666667	89.33054
1064.916667	89.31973
1065.166667	88.97653
1065.416667	88.90793
1065.666667	89.12607
1065.916667	88.98111
1066.166667	88.46219
1066.416667	88.47549
1066.666667	88.3204
1066.916667	88.03506
1067.166667	88.13162
1067.416667	88.08163
1067.683333	88.01157
1067.933333	88.22446
1068.183333	88.10934
1068.433333	88.30325
1068.683333	88.56308
1068.933333	88.9213
1069.183333	88.77811
1069.433333	89.04385
1069.683333	89.19308
1069.933333	89.43954
1070.183333	89.67526
1070.433333	89.91196
1070.683333	90.17429
1070.933333	90.22397
1071.2	90.48947
1071.45	90.71005
1071.7	91.20309
1071.95	91.27896
1072.2	91.53061
1072.45	91.59885
1072.7	91.8074
1072.95	92.24979
1073.2	92.25778
1073.45	92.45761
1073.7	92.68924
1073.95	93.16208
1074.216667	92.84445
1074.466667	93.21701
1074.716667	93.56284
1074.966667	93.87357
1075.216667	93.90414
1075.466667	93.84451
1075.716667	94.03207
1075.966667	94.19357
1076.216667	94.23373
1076.466667	94.65567
1076.716667	94.60849
1076.966667	94.71146
1077.233333	94.46451
1077.483333	95.0209
1077.733333	94.82913
1077.983333	94.73172
1078.233333	94.7789
1078.483333	95.0181
1078.733333	95.0867
1078.983333	95.17874
1079.233333	94.98416
1079.483333	94.69815
1079.733333	95.24844
1079.983333	94.60092
1080.25	95.05466
1080.5	94.52658
1080.75	94.88516
1081	94.53671
1081.25	94.80118
1081.5	94.53244
1081.75	94.49051
1082	94.63052
1082.25	94.29471
1082.5	94.13284
1082.75	94.28476
1083	94.00558
1083.25	93.58463
1083.516667	93.59427
1083.766667	93.6976
1084.016667	93.52145
1084.266667	93.43759
1084.516667	93.42569
1084.766667	93.33896
1085.016667	93.26761
1085.266667	92.91379
1085.516667	92.90817
1085.766667	92.82352
1086.016667	92.93143
1086.266667	92.37747
1086.516667	92.30667
1086.766667	92.46286
1087.016667	91.84958
1087.266667	92.04849
1087.516667	92.08578
1087.783333	91.60104
1088.033333	91.75699
1088.283333	91.61862
1088.533333	91.38022
1088.783333	91.13956
1089.033333	90.88571
1089.283333	90.71609
1089.533333	90.29233
1089.783333	90.49539
1090.05	90.28378
1090.283333	89.75449
1090.55	89.95389
1090.8	89.65286
1091.05	89.56631
1091.3	89.93796
1091.55	89.2966
1091.8	89.53348
1092.05	89.09171
1092.3	88.98947
1092.55	88.85037
1092.8	88.98544
1093.05	88.47488
1093.3	88.74783
1093.55	88.36429
1093.8	88.67447
1094.05	88.41818
1094.316667	88.3671
1094.566667	88.38858
1094.816667	88.37106
1095.066667	88.27652
1095.316667	88.44601
1095.566667	88.54684
1095.816667	88.40005
1096.066667	88.63321
1096.316667	88.54099
1096.566667	88.77896
1096.816667	88.88651
1097.066667	89.49326
1097.316667	89.50919
1097.566667	89.793
1097.816667	89.85391
1098.066667	89.89682
1098.316667	90.25467
1098.583333	90.44217
1098.833333	90.85312
1099.083333	91.01859
1099.333333	91.46817
1099.583333	91.58975
1099.833333	91.96494
1100.083333	92.43539
1100.333333	92.32773
1100.583333	92.96463
1100.833333	92.70004
1101.083333	92.95883
1101.35	93.34006
1101.6	93.58401
1101.85	93.68924
1102.1	93.78091
1102.35	93.90958
1102.6	93.76944
1102.85	94.49576
1103.1	94.38339
1103.35	94.22958
1103.6	94.48721
1103.85	94.3884
1104.1	94.52005
1104.35	94.51694
1104.6	94.84995
1104.866667	94.86465
1105.116667	94.8262
1105.366667	95.00357
1105.616667	94.871
1105.866667	95.03256
1106.116667	95.20291
1106.366667	94.7753
1106.616667	94.6633
1106.866667	94.73154
1107.116667	94.53891
1107.366667	94.55069
1107.616667	94.3154
1107.866667	93.97421
1108.116667	94.35696
1108.383333	93.99747
1108.616667	94.19046
1108.866667	93.96475
1109.133333	93.94199
1109.383333	93.33237
1109.633333	92.9675
1109.883333	93.09952
1110.133333	92.85825
1110.383333	92.63406
1110.633333	92.74673
1110.883333	92.34085
1111.133333	92.37704
1111.383333	91.94681
1111.633333	91.90677
1111.9	91.72177
1112.15	91.81845
1112.4	91.50003
1112.65	91.47775
1112.9	91.15451
1113.15	91.42239
1113.4	91.07706
1113.65	90.76212
1113.9	91.06723
1114.15	90.82755
1114.4	90.75778
1114.65	90.62741
1114.9	90.28616
1115.15	90.3035
1115.416667	90.15512
1115.666667	89.93948
1115.916667	90.05746
1116.166667	89.82077
1116.416667	89.32907
1116.666667	89.91647
1116.916667	89.12247
1117.166667	89.17227
1117.416667	88.73917
1117.666667	88.92679
1117.916667	88.7059
1118.166667	88.5209
1118.416667	88.49796
1118.666667	88.27646
1118.916667	87.9249
1119.166667	88.08206
1119.416667	88.16647
1119.666667	87.71939
1119.933333	87.84341
1120.183333	87.84286
1120.433333	88.1752
1120.683333	87.98911
1120.933333	87.78928
1121.183333	88.40561
1121.433333	88.2283
1121.683333	88.58176
1121.933333	88.40891
1122.183333	88.98227
1122.433333	88.90659
1122.683333	89.43552
1122.933333	89.58701
1123.183333	89.78555
1123.45	89.9014
1123.7	90.27487
1123.95	90.51663
1124.2	90.86954
1124.45	90.996
1124.7	91.202
1124.95	91.43472
1125.2	91.48904
1125.45	91.98911
1125.7	92.36581
1125.95	92.52866
1126.2	92.63638
1126.45	92.66757
1126.716667	93.23544
1126.966667	93.52249
1127.216667	93.26205
1127.466667	93.897
1127.716667	93.53989
1127.966667	93.99197
1128.216667	93.97916
1128.466667	94.30746
1128.716667	94.16721
1128.966667	94.57022
1129.216667	94.51541
1129.466667	94.80746
1129.716667	94.74619
1129.966667	94.55618
1130.216667	94.72702
1130.483333	94.79288
1130.733333	94.78854
1130.983333	94.91611
1131.233333	94.93649
1131.483333	94.77383
1131.733333	94.92874
1131.983333	95.12759
1132.233333	95.04941
1132.483333	94.73911
1132.733333	94.66898
1132.983333	94.84024
1133.233333	94.35666
1133.483333	94.61893
1133.75	94.41043
1134	94.21841
1134.25	94.46652
1134.5	94.52579
1134.75	94.19778
1135	94.23154
1135.25	93.99643
1135.5	94.07925
1135.75	94.05435
1136	93.84616
1136.266667	93.62076
1136.516667	93.38419
1136.766667	93.34317
1137.016667	93.00333
1137.266667	93.34409
1137.516667	93.02298
1137.766667	92.99606
1138.016667	92.87173
1138.266667	92.73441
1138.516667	92.4841
1138.766667	92.55014
1139.016667	92.19949
1139.266667	91.93771
1139.533333	91.86258
1139.783333	91.24588
1140.033333	91.27762
1140.283333	91.14615
1140.533333	91.00882
1140.783333	90.82822
1141.033333	90.58774
1141.283333	90.42502
1141.533333	90.01981
1141.783333	89.81906
1142.033333	89.84274
1142.283333	89.58127
1142.533333	88.90366
1142.783333	89.26706
1143.05	88.72983
1143.3	88.51968
1143.55	88.68369
1143.8	88.72916
1144.05	88.26468
1144.3	88.13644
1144.55	88.23795
1144.8	88.01541
1145.05	87.75546
1145.3	87.51987
1145.55	87.72006
1145.816667	87.66415
1146.066667	87.66617
1146.316667	87.46274
1146.566667	87.69376
1146.816667	88.01285
1147.066667	88.00821
1147.316667	88.12204
1147.566667	88.15012
1147.816667	88.50443
1148.066667	88.58536
1148.316667	88.58633
1148.566667	88.57999
1148.833333	89.0184
1149.083333	89.50742
1149.333333	89.37637
1149.583333	89.68991
1149.833333	90.10788
1150.083333	90.2164
1150.333333	90.70316
1150.583333	90.89005
1150.833333	90.74075
1151.1	91.13492
1151.35	91.27469
1151.6	91.30643
1151.85	91.68033
1152.1	91.9249
1152.35	91.80508
1152.6	92.2532
1152.85	92.28275
1153.1	92.72293
1153.35	93.02951
1153.6	93.2728
1153.85	93.43503
1154.1	93.436
1154.366667	93.54861
1154.616667	93.89377
1154.866667	93.79227
1155.116667	94.23026
1155.366667	93.95218
1155.616667	94.03049
1155.866667	94.38431
1156.116667	94.22305
1156.366667	94.33481
1156.616667	94.50333
1156.866667	94.22525
1157.116667	94.75314
1157.366667	94.52383
1157.616667	94.70792
1157.883333	94.92654
1158.133333	94.75266
1158.383333	94.49991
1158.633333	94.49429
1158.883333	94.54007
1159.133333	94.86984
1159.383333	94.88907
1159.633333	94.74417
1159.883333	94.74435
1160.15	94.77371
1160.4	94.52682
1160.65	94.61557
1160.9	94.61783
1161.15	94.44138
1161.4	94.31534
1161.65	94.06882
1161.9	94.3923
1162.15	94.10562
1162.4	94.01553
1162.65	94.06473
1162.9	93.99435
1163.15	93.74625
1163.4	93.65329
1163.65	93.6636
1163.916667	93.52628
1164.166667	93.27011
1164.416667	93.68399
1164.666667	93.52634
1164.916667	93.17068
1165.166667	93.03958
1165.416667	93.15036
1165.666667	92.90488
1165.916667	93.08829
1166.166667	92.84012
1166.416667	92.6467
1166.666667	92.95694
1166.916667	92.29349
1167.166667	92.22391
1167.416667	91.92813
1167.683333	92.11948
1167.933333	91.83652
1168.183333	91.50912
1168.433333	91.42984
1168.683333	91.71756
1168.933333	91.32443
1169.183333	91.37631
1169.433333	91.01065
1169.683333	90.8038
1169.933333	90.69315
