0	99.58044
0.25	99.62048
0.5	99.56268
0.75	99.41394
1	99.38385
1.25	99.22577
1.516666667	99.26117
1.766666667	99.18793
2.016666667	98.90588
2.266666667	98.92041
2.516666667	98.74158
2.766666667	98.7475
3.016666667	98.56879
3.266666667	98.22516
3.516666667	98.23303
3.766666667	98.22302
4.016666667	98.10754
4.266666667	97.96051
4.516666667	97.99097
4.766666667	97.90509
5.016666667	97.69067
5.283333333	97.76202
5.533333333	97.91125
5.783333333	97.54907
6.033333333	97.62598
6.283333333	97.70557
6.533333333	97.57751
6.783333333	97.53644
7.033333333	97.44885
7.283333333	97.46533
7.533333333	97.44574
7.783333333	97.56549
8.033333333	97.4895
8.283333333	97.6369
8.55	97.5672
8.8	97.4577
9.05	97.46484
9.3	97.51935
9.55	97.41327
9.8	97.36743
10.05	97.41144
10.3	97.36493
10.55	97.31616
10.8	97.14984
11.05	97.04327
11.3	97.09705
11.56666667	96.86224
11.81666667	96.75159
12.06666667	96.69147
12.31666667	96.40381
12.56666667	96.23944
12.81666667	96.19208
13.06666667	96.08575
13.31666667	95.78418
13.56666667	95.67078
13.81666667	95.39948
14.06666667	95.26617
14.31666667	95.09967
14.56666667	94.86584
14.81666667	94.63251
15.08333333	94.34296
15.33333333	94.16394
15.58333333	94.02881
15.83333333	93.59515
16.08333333	93.53326
16.33333333	93.11682
16.58333333	92.83356
16.83333333	92.68359
17.08333333	92.38824
17.33333333	92.09583
17.58333333	91.80688
17.83333333	91.67255
18.08333333	91.28156
18.33333333	91.14301
18.6	90.83484
18.85	90.63959
19.1	90.38849
19.35	90.10773
19.6	89.81415
19.85	89.7616
20.1	89.36664
20.35	89.26886
20.6	89.19684
20.85	89.25769
21.1	89.32532
21.35	89.65448
21.6	89.77118
21.85	90.11914
22.11666667	90.37976
22.36666667	90.87976
22.61666667	91.25623
22.86666667	91.64587
23.11666667	92.008
23.36666667	92.28766
23.61666667	92.76593
23.86666667	93.1767
24.11666667	93.3681
24.36666667	93.88416
24.61666667	94.2132
24.86666667	94.41931
25.11666667	94.66443
25.36666667	95.00751
25.61666667	95.24213
25.88333333	95.38745
26.13333333	95.59302
26.38333333	95.88257
26.63333333	96.09454
26.88333333	96.25067
27.13333333	96.28967
27.38333333	96.46289
27.63333333	96.63623
27.88333333	96.66962
28.13333333	96.89447
28.38333333	96.92407
28.63333333	96.99347
28.88333333	97.06689
29.15	97.01984
29.4	97.07733
29.65	97.02094
29.9	97.1521
30.15	97.14117
30.4	97.20563
30.65	97.10474
30.9	97.0769
31.15	97.09296
31.4	96.81525
31.65	96.80054
31.9	96.84692
32.15	96.88312
32.41666667	96.56836
32.66666667	96.39313
32.91666667	96.36139
33.16666667	96.17041
33.41666667	95.98566
33.66666667	95.67328
33.91666667	95.70728
34.16666667	95.42145
34.41666667	95.32782
34.66666667	94.98907
34.91666667	94.8399
35.16666667	94.77698
35.41666667	94.46082
35.68333333	94.34009
35.93333333	93.85223
36.18333333	93.81085
36.43333333	93.64941
36.68333333	93.49994
36.93333333	93.35425
37.18333333	93.19971
37.43333333	92.95404
37.68333333	92.80103
37.93333333	92.62817
38.18333333	92.31061
38.43333333	92.42017
38.68333333	92.30701
38.95	92.16187
39.2	92.13092
39.45	92.18329
39.7	92.02008
39.95	92.2619
40.2	92.33295
40.45	92.30676
40.7	92.7149
40.95	92.91888
41.2	93.1178
41.45	93.42145
41.7	93.49634
41.95	93.9115
42.21666667	94.05042
42.46666667	94.24304
42.71666667	94.47723
42.96666667	94.67108
43.21666667	94.96259
43.46666667	95.12537
43.71666667	95.34747
43.96666667	95.50116
44.21666667	95.8587
44.46666667	95.82715
44.71666667	96.07526
44.96666667	96.2348
45.21666667	96.19556
45.46666667	96.54333
45.71666667	96.56915
45.96666667	96.80408
46.23333333	96.81329
46.48333333	97.03082
46.73333333	96.96216
46.98333333	97.17065
47.23333333	97.20703
47.48333333	97.24371
47.73333333	97.46484
47.98333333	97.3952
48.23333333	97.53815
48.48333333	97.45129
48.73333333	97.51941
48.98333333	97.46478
49.23333333	97.5816
49.5	97.54761
49.75	97.45721
50	97.5921
50.25	97.41553
50.5	97.37561
50.75	97.29681
51	97.23682
51.25	97.33118
51.5	97.18414
51.75	97.01837
52	97.02075
52.25	97.21649
52.5	96.88416
52.76666667	96.85602
53.01666667	96.81079
53.26666667	96.71942
53.51666667	96.64368
53.76666667	96.52582
54.01666667	96.32452
54.26666667	96.35956
54.51666667	96.32526
54.76666667	96.01385
55.01666667	96.00891
55.26666667	95.89227
55.51666667	95.72839
55.76666667	95.56238
56.01666667	95.52698
56.28333333	95.44214
56.53333333	95.35229
56.78333333	95.06946
57.03333333	95.09631
57.28333333	94.79645
57.53333333	94.67639
57.78333333	94.74585
58.03333333	94.57184
58.28333333	94.32111
58.53333333	94.29712
58.78333333	94.14423
59.03333333	93.93402
59.28333333	93.92065
59.53333333	93.74939
59.8	93.70142
60.05	93.49927
60.3	93.52185
60.55	93.53601
60.8	93.59058
61.05	93.6662
61.3	93.64362
61.55	93.79987
61.8	93.96765
62.05	94.23041
62.3	94.47815
62.55	94.73804
62.8	95.07819
63.06666667	95.15936
63.31666667	95.40741
63.56666667	95.62592
63.81666667	95.84381
64.06666667	95.91333
64.31666667	96.20361
64.56666667	96.39667
64.81666667	96.50653
65.06666667	96.71283
65.31666667	96.86322
65.56666667	96.81335
65.81666667	96.9317
66.06666667	97.10504
66.33333333	97.23163
66.56666667	97.38025
66.83333333	97.26251
67.08333333	97.47552
67.33333333	97.49982
67.58333333	97.55151
67.83333333	97.57397
68.08333333	97.64551
68.33333333	97.49292
68.58333333	97.79175
68.83333333	97.68665
69.08333333	97.73334
69.33333333	97.771
69.58333333	97.65906
69.83333333	97.85443
70.1	97.89557
70.35	97.8269
70.6	97.86346
70.85	98.0481
71.1	97.88824
71.35	97.97565
71.6	97.92645
71.85	97.94635
72.1	97.95404
72.35	97.91675
72.6	97.91846
72.85	97.96631
73.1	97.79437
73.36666667	97.83734
73.61666667	97.72552
73.86666667	97.70184
74.11666667	97.68451
74.36666667	97.75812
74.61666667	97.66211
74.86666667	97.51904
75.11666667	97.5274
75.36666667	97.41498
75.61666667	97.28461
75.86666667	97.27295
76.11666667	97.2926
76.36666667	97.16296
76.63333333	97.02533
76.88333333	96.94727
77.13333333	96.93445
77.38333333	96.77002
77.63333333	96.61346
77.88333333	96.57599
78.13333333	96.46051
78.38333333	96.32404
78.63333333	96.35162
78.88333333	96.10138
79.13333333	96.00757
79.38333333	95.7948
79.65	95.79022
79.9	95.54163
80.15	95.53925
80.4	95.45148
80.65	95.35901
80.9	95.21741
81.15	95.04926
81.4	95.10925
81.65	94.8465
81.9	94.77588
82.15	94.71088
82.4	94.44806
82.65	94.37915
82.9	94.30328
83.15	94.26001
83.4	94.01764
83.65	94.09338
83.91666667	93.87018
84.16666667	93.92346
84.41666667	93.66937
84.66666667	93.60468
84.91666667	93.50372
85.16666667	93.64642
85.41666667	93.20386
85.66666667	93.12927
85.91666667	93.0426
86.16666667	92.98615
86.41666667	92.90948
86.66666667	92.72485
86.91666667	92.85291
87.16666667	92.82837
87.43333333	92.8548
87.68333333	92.9173
87.93333333	93.09979
88.18333333	93.44672
88.43333333	93.58313
88.68333333	93.66394
88.93333333	93.91772
89.18333333	94.1347
89.43333333	94.40051
89.68333333	94.54681
89.93333333	94.84131
90.18333333	95.10925
90.45	95.2348
90.68333333	95.45459
90.95	95.47089
91.2	95.76599
91.45	95.91028
91.7	96.10309
91.95	96.24945
92.2	96.37775
92.45	96.52313
92.7	96.64575
92.95	96.72229
93.2	96.94397
93.45	96.77429
93.7	97.04456
93.95	96.9563
94.21666667	97.18427
94.46666667	97.27521
94.71666667	97.26685
94.96666667	97.46826
95.21666667	97.4234
95.46666667	97.50299
95.71666667	97.52844
95.96666667	97.60828
96.21666667	97.64264
96.46666667	97.69794
96.71666667	97.71869
96.96666667	97.73468
97.21666667	97.65179
97.48333333	97.69537
97.73333333	97.66858
97.98333333	97.71826
98.23333333	97.85205
98.48333333	97.63861
98.73333333	97.59576
98.98333333	97.54773
99.23333333	97.66754
99.48333333	97.47876
99.73333333	97.45148
99.98333333	97.55981
100.2333333	97.34967
100.4833333	97.46582
100.75	97.36749
101	97.23663
101.25	97.19604
101.5	97.2218
101.75	97.14886
102	96.89264
102.25	96.97754
102.5	96.87201
102.75	96.60028
103	96.68671
103.25	96.70258
103.5	96.58777
103.7666667	96.36627
104.0166667	96.12732
104.2666667	96.2157
104.5166667	95.99237
104.7666667	95.9104
105.0166667	95.7818
105.2666667	95.77509
105.5166667	95.63251
105.7666667	95.44855
106.0166667	95.40405
106.2666667	95.36383
106.5166667	95.12671
106.7666667	95.01404
107.0333333	94.85529
107.2666667	94.67297
107.5333333	94.61621
107.7833333	94.60718
108.0333333	94.38629
108.2833333	94.30658
108.5333333	94.15363
108.7833333	94.18634
109.0333333	93.86859
109.2833333	93.80035
109.5333333	93.69342
109.7833333	93.56384
110.0333333	93.61816
110.2833333	93.29254
110.5333333	93.13586
110.8	93.23401
111.05	93.04529
111.3	92.86639
111.55	92.77875
111.8	92.89215
112.05	92.56073
112.3	92.40057
112.55	92.32526
112.8	92.48065
113.05	92.47205
113.3	92.49139
113.55	92.78931
113.8	92.93097
114.05	93.01013
114.3	93.14154
114.5666667	93.51501
114.8166667	93.89185
115.0666667	93.99078
115.3166667	94.38025
115.5666667	94.60583
115.8166667	94.75879
116.0666667	94.98077
116.3166667	95.20233
116.5666667	95.38934
116.8166667	95.57587
117.0666667	95.89191
117.3166667	95.9967
117.5666667	96.30011
117.8333333	96.21399
118.0833333	96.32581
118.3333333	96.68158
118.5833333	96.77203
118.8333333	96.7616
119.0833333	97.1217
119.3333333	97.13348
119.5833333	97.15375
119.8333333	97.26282
120.0833333	97.2005
120.3333333	97.32336
120.5833333	97.43402
120.8333333	97.40277
121.0833333	97.44586
121.35	97.54755
121.6	97.63025
121.85	97.6192
122.1	97.68304
122.35	97.59003
122.6	97.8371
122.85	97.60461
123.1	97.84442
123.35	97.8197
123.6	97.63373
123.85	97.71045
124.1	97.4906
124.35	97.6322
124.6	97.5354
124.85	97.26019
125.1166667	97.45581
125.3666667	97.16046
125.6166667	97.08313
125.8666667	97.1214
126.1166667	97
126.3666667	96.93384
126.6166667	96.72681
126.8666667	96.6767
127.1166667	96.68384
127.3666667	96.48468
127.6166667	96.32446
127.8666667	96.19202
128.1166667	96.20654
128.3833333	95.91736
128.6333333	96.01453
128.8833333	95.76807
129.1333333	95.67627
129.3833333	95.40405
129.6333333	95.52557
129.8833333	95.33966
130.1333333	95.11157
130.3833333	95.04382
130.6333333	95.06573
130.8833333	94.86847
131.1333333	94.66791
131.3833333	94.64136
131.65	94.53876
131.9	94.36432
132.15	94.24231
132.4	94.04675
132.65	94.02179
132.9	94.00403
133.15	93.7951
133.4	93.69836
133.65	93.47174
133.9	93.51288
134.15	93.36053
134.4	93.35736
134.65	93.13617
134.9166667	93.14423
135.15	93.06293
135.4166667	92.83032
135.6666667	92.77209
135.9166667	92.74408
136.1666667	92.54321
136.4166667	92.36414
136.6666667	92.34253
136.9166667	92.30481
137.1666667	92.00922
137.4166667	91.92957
137.6666667	91.9549
137.9166667	91.92859
138.1833333	91.99194
138.4333333	91.90106
138.6833333	92.02563
138.9333333	92.10468
139.1833333	92.37476
139.4333333	92.62756
139.6833333	92.99988
139.9333333	93.14978
140.1833333	93.54822
140.4333333	93.80774
140.6833333	94.0531
140.9333333	94.39349
141.1833333	94.68353
141.4333333	95.00006
141.6833333	95.10272
141.95	95.26062
142.2	95.70911
142.45	95.67383
142.7	95.95422
142.95	96.23883
143.2	96.43311
143.45	96.42194
143.7	96.51001
143.95	96.6687
144.2	96.82599
144.45	97.01764
144.7	96.95471
144.95	97.13672
145.2166667	97.30487
145.4666667	97.34509
145.7166667	97.5163
145.9666667	97.49463
146.2166667	97.47076
146.4666667	97.61676
146.7166667	97.63971
146.9666667	97.65234
147.2166667	97.82422
147.4666667	97.68146
147.7166667	97.81409
147.9666667	97.9295
148.2166667	97.80743
148.4833333	97.94818
148.7333333	97.83179
148.9833333	97.78088
149.2333333	97.73663
149.4833333	97.93787
149.7333333	97.7533
149.9833333	97.77765
150.2333333	97.81152
150.4833333	97.71069
150.7333333	97.52368
150.9833333	97.56696
151.2333333	97.52893
151.4833333	97.41687
151.7333333	97.31177
151.9833333	97.3255
152.25	97.15131
152.5	97.11639
152.75	97.14014
153	97.05688
153.25	96.68982
153.5	96.73315
153.75	96.48944
154	96.35791
154.25	96.24438
154.5	96.11865
154.75	96.17218
155	95.89502
155.25	95.81732
155.5	95.77338
155.75	95.58087
156.0166667	95.45557
156.2666667	95.3963
156.5166667	95.42798
156.7666667	95.33044
157.0166667	95.13062
157.2666667	94.88464
157.5166667	94.81525
157.7666667	94.65948
158.0166667	94.60352
158.2666667	94.43854
158.5166667	94.40802
158.7666667	94.25598
159.0166667	94.18933
159.2833333	93.88629
159.5333333	93.84058
159.7833333	93.69873
160.0333333	93.49835
160.2833333	93.52386
160.5333333	93.42505
160.7833333	93.33344
161.0333333	93.0509
161.2833333	93.10516
161.5333333	92.9101
161.7833333	92.83667
162.0333333	92.74548
162.3	92.49683
162.5333333	92.54358
162.8	92.35352
163.05	92.20831
163.3	92.28003
163.55	92.34027
163.8	92.3313
164.05	92.50452
164.3	92.64215
164.55	92.82043
164.8	93.02112
165.05	93.27399
165.3	93.38318
165.55	93.79248
165.8	93.88824
166.0666667	94.08063
166.3166667	94.47443
166.5666667	94.6767
166.8166667	94.99524
167.0666667	95.15729
167.3166667	95.36035
167.5666667	95.60699
167.8166667	95.86523
168.0666667	96.0144
168.3166667	96.1709
168.5666667	96.20605
168.8166667	96.59991
169.0666667	96.58087
169.3333333	96.88849
169.5833333	96.88043
169.8333333	97.03052
170.0833333	97.17468
170.3333333	97.17566
170.5833333	97.34149
170.8333333	97.33636
171.0833333	97.37854
171.3333333	97.57428
171.5833333	97.5163
171.8333333	97.53625
172.0833333	97.60199
172.3333333	97.68127
172.5833333	97.58661
172.85	97.67456
173.1	97.70288
173.35	97.74725
173.6	97.58514
173.85	97.5835
174.1	97.68164
174.35	97.64331
174.6	97.34235
174.85	97.28094
175.1	97.25665
175.35	97.11151
175.6	96.91394
175.85	96.64429
176.1166667	96.40308
176.3666667	96.09967
176.6166667	95.88666
176.8666667	95.58203
177.1166667	95.45844
177.3666667	95.15814
177.6166667	95.00385
177.8666667	94.69531
178.1166667	94.48242
178.3666667	94.32922
178.6166667	94.07465
178.8666667	93.77209
179.1166667	93.62909
179.3833333	93.26581
179.6333333	92.82269
179.8833333	92.70837
180.1333333	92.409
180.3833333	92.04321
180.6333333	91.72772
180.8833333	91.33905
181.1333333	91.00739
181.3833333	90.54169
181.6333333	90.26996
181.8833333	89.83215
182.15	89.60583
182.3833333	89.27399
182.65	88.8429
182.9	88.55676
183.15	88.23077
183.4	87.91345
183.65	87.37653
183.9	87.35181
184.15	86.95795
184.4	86.55963
184.65	86.32159
184.9	85.91504
185.15	85.57941
185.4	85.22412
185.65	84.8017
185.9166667	84.25012
186.1666667	84.04712
186.4166667	83.63885
186.6666667	83.38422
186.9166667	83.00562
187.1666667	82.62036
187.4166667	82.23828
187.6666667	81.8952
187.9166667	81.57928
188.1666667	81.22809
188.4166667	81.07635
188.6666667	80.76904
188.9166667	80.58264
189.1666667	80.69836
189.4166667	80.64203
189.6833333	80.77368
189.9333333	81.01141
190.1833333	81.3739
190.4333333	81.711
190.6833333	82.15869
190.9333333	82.94733
191.1833333	83.57184
191.4333333	84.17389
191.6833333	85.0293
191.9333333	85.39697
192.1833333	86.09595
192.4333333	86.73987
192.6833333	87.51904
192.9333333	88.02911
193.2	88.70074
193.45	89.26147
193.7	89.8924
193.95	90.25854
194.2	90.96954
194.45	91.37463
194.7	91.59625
194.95	92.21136
195.2	92.56287
195.45	93.02783
195.7	93.24664
195.95	93.65753
196.2	93.94849
196.4666667	94.34161
196.7166667	94.49005
196.9666667	94.68622
197.2166667	94.9892
197.4666667	95.362
197.7166667	95.54022
197.9666667	95.73438
198.2166667	95.94495
198.4666667	96.02985
198.7166667	96.07257
198.9666667	96.3266
199.2166667	96.34222
199.4666667	96.47003
199.7166667	96.60944
199.9833333	96.66925
200.2333333	96.68646
200.4833333	96.68658
200.7333333	96.64703
200.9833333	96.73212
201.2333333	96.65662
201.4833333	96.58899
201.7333333	96.4762
201.9833333	96.46692
202.2333333	96.38489
202.4833333	96.39899
202.7333333	96.23816
202.9833333	96.23285
203.2333333	96.11493
203.5	95.95728
203.75	95.88354
204	95.72583
204.25	95.71039
204.5	95.53015
204.75	95.33838
205	95.25775
205.25	95.17352
205.5	95.14874
205.75	95.07489
206	94.84088
206.2666667	94.89447
206.5	94.63324
206.7666667	94.56451
207.0166667	94.24463
207.2666667	94.07867
207.5166667	94.00555
207.7666667	93.87805
208.0166667	93.84979
208.2666667	93.72552
208.5166667	93.70367
208.7666667	93.53461
209.0166667	93.38788
209.2666667	93.18048
209.5166667	93.05127
209.7666667	93.04803
210.0333333	92.85748
210.2833333	92.6778
210.5333333	92.57703
210.7833333	92.58276
211.0333333	92.40857
211.2833333	92.24103
211.5333333	92.01569
211.7833333	91.95319
212.0333333	91.76373
212.2833333	91.83087
212.5333333	91.56122
212.7833333	91.55737
213.0333333	91.3078
213.2833333	91.40973
213.55	91.32397
213.8	91.11255
214.05	91.13678
214.3	90.98633
214.55	91.06714
214.8	91.09283
215.05	91.03925
215.3	91.07397
215.55	91.22113
215.8	91.42627
216.05	91.6076
216.3	91.89111
216.55	92.12244
216.8166667	92.34619
217.0666667	92.93134
217.3166667	93.10492
217.5666667	93.37671
217.8166667	93.75824
218.0666667	93.97302
218.3166667	94.3277
218.5666667	94.47406
218.8166667	94.56683
219.0666667	95.06854
219.3166667	95.28699
219.5833333	95.47504
219.8166667	95.64484
220.0833333	95.78613
220.3333333	95.97583
220.5833333	96.0675
220.8333333	96.37982
221.0833333	96.52527
221.3333333	96.63861
221.5833333	96.76471
221.8333333	96.95007
222.0833333	96.77795
222.3333333	96.99182
222.5833333	97.21234
222.85	97.24927
223.0833333	97.30823
223.35	97.28357
223.6	97.47595
223.85	97.5611
224.1	97.56873
224.35	97.66339
224.6	97.81543
224.85	97.85022
225.1	97.5946
225.35	97.72681
225.6	97.70612
225.85	97.67719
226.1	97.76599
226.35	97.80859
226.6166667	97.74316
226.8666667	97.58014
227.1166667	97.80847
227.3666667	97.62097
227.6166667	97.77704
227.8666667	97.7149
228.1166667	97.75446
228.3666667	97.70911
228.6166667	97.57733
228.8666667	97.63098
229.1166667	97.65363
229.3666667	97.47266
229.6166667	97.4859
229.8833333	97.48193
230.1333333	97.33752
230.3833333	97.29706
230.6333333	97.40381
230.8833333	97.2746
231.1333333	97.09796
231.3833333	97.07562
231.6333333	96.95532
231.8833333	97.05341
232.1333333	96.86804
232.3833333	96.7832
232.6333333	96.72058
232.8833333	96.65588
233.15	96.54797
233.4	96.41705
233.65	96.39246
233.9	96.29102
234.15	96.23273
234.4	96.07135
234.65	96.065
234.9	96.02472
235.15	95.9007
235.4	95.85779
235.65	95.66528
235.9	95.61505
236.1666667	95.41528
236.4166667	95.56915
236.6666667	95.40588
236.9166667	95.09412
237.1666667	95.14752
237.4166667	95.07428
237.6666667	94.91418
237.9166667	94.85083
238.1666667	94.8288
238.4166667	94.70123
238.6666667	94.70007
238.9166667	94.46344
239.1666667	94.49792
239.4166667	94.3075
239.6666667	94.19415
239.9333333	94.25281
240.1833333	94.09009
240.4333333	93.98785
240.6833333	94.00464
240.9333333	93.92279
241.1833333	93.80792
241.4333333	93.96826
241.6833333	94.05597
241.9333333	94.05334
242.1833333	94.33783
242.4333333	94.3725
242.6833333	94.45294
242.9333333	94.67261
243.2	94.79486
243.45	95.09741
243.7	95.13025
243.95	95.40045
244.2	95.62805
244.45	95.68457
244.7	95.82483
244.95	96.16644
245.2	96.30334
245.45	96.30469
245.7	96.35956
245.95	96.52472
246.2	96.60083
246.45	96.84436
246.7	96.94781
246.9666667	97.04559
247.2166667	97.20844
247.4666667	97.22711
247.7166667	97.31549
247.9666667	97.42755
248.2166667	97.54584
248.4666667	97.57434
248.7166667	97.59064
248.9666667	97.63617
249.2166667	97.75861
249.4666667	97.79047
249.7166667	97.75201
249.9666667	97.94708
250.2333333	97.84045
250.4833333	97.93683
250.7333333	97.85223
250.9833333	97.89014
251.2333333	97.9964
251.4833333	97.88092
251.7333333	97.92639
251.9833333	97.87079
252.2333333	97.92773
252.4833333	98.0495
252.7333333	97.92902
252.9833333	97.77545
253.2333333	97.84265
253.4833333	97.87482
253.7333333	97.74988
254	97.80969
254.25	97.67993
254.5	97.7594
254.75	97.72931
255	97.62286
255.25	97.69098
255.5	97.57642
255.75	97.50055
256	97.67316
256.25	97.62695
256.5	97.42462
256.75	97.20502
257	97.27124
257.25	97.19788
257.5166667	97.09503
257.7666667	97.11591
258.0166667	96.87177
258.2666667	96.91577
258.5166667	96.87109
258.7666667	96.78143
259.0166667	96.67267
259.2666667	96.70203
259.5166667	96.57507
259.7666667	96.49066
260.0166667	96.5177
260.2666667	96.2995
260.5166667	96.23816
260.7666667	96.09344
261.0333333	96.11084
261.2833333	96.08728
261.5333333	95.96545
261.7833333	95.80359
262.0333333	95.67865
262.2833333	95.57983
262.5333333	95.51831
262.7833333	95.39587
263.0333333	95.48511
263.2833333	95.35449
263.5333333	95.15564
263.7833333	94.97174
264.0333333	94.87384
264.2833333	94.97424
264.5333333	94.84802
264.8	94.68158
265.05	94.72992
265.3	94.53986
265.55	94.58563
265.8	94.30682
266.05	94.13831
266.3	94.18158
266.55	94.12726
266.8	94.03448
267.05	94.16772
267.3	94.10852
267.55	94.22974
267.8	94.31659
268.05	94.38556
268.3	94.51752
268.5666667	94.79816
268.8166667	94.82025
269.0666667	95.1767
269.3166667	95.24646
269.5666667	95.61664
269.8166667	95.66754
270.0666667	95.79297
270.3166667	96.10931
270.5666667	96.02808
270.8166667	96.28253
271.0666667	96.48163
271.3166667	96.54974
271.5666667	96.81854
271.8166667	96.78467
272.0833333	96.93872
272.3333333	96.94482
272.5833333	97.07458
272.8333333	97.18872
273.0833333	97.24243
273.3333333	97.3645
273.5833333	97.24536
273.8333333	97.31622
274.0833333	97.51495
274.3333333	97.64508
274.5833333	97.79865
274.8333333	97.76294
275.0833333	97.69946
275.35	97.65027
275.6	97.99054
275.85	97.93188
276.1	97.9881
276.35	98.10999
276.6	98.12305
276.85	97.93634
277.1	97.89191
277.35	97.93384
277.6	97.96545
277.85	98.08606
278.1	97.90625
278.35	97.91071
278.6166667	97.79102
278.8666667	97.78534
279.1166667	97.76825
279.3666667	97.6167
279.6166667	97.63666
279.8666667	97.55377
280.1166667	97.48541
280.3666667	97.48566
280.6166667	97.42407
280.8666667	97.24152
281.1166667	97.28027
281.3666667	97.27277
281.6166667	97.21796
281.8833333	96.89532
282.1333333	96.88165
282.3833333	96.7522
282.6333333	96.64514
282.8833333	96.56207
283.1333333	96.45569
283.3833333	96.36725
283.6333333	96.22101
283.8833333	96.23395
284.1333333	95.95471
284.3833333	95.95227
284.6333333	95.90289
284.8833333	95.81024
285.15	95.64941
285.4	95.54413
285.65	95.50146
285.9	95.36578
286.15	95.27124
286.4	95.13708
286.65	95.06262
286.9	94.95789
287.15	94.6944
287.4	94.81866
287.65	94.61523
287.9	94.46063
288.15	94.45654
288.4	94.22882
288.6666667	94.16986
288.9166667	94.08405
289.1666667	94.31348
289.4166667	94.0202
289.6666667	94.04126
289.9166667	94.00439
290.1666667	94.02277
290.4166667	93.92572
290.6666667	93.80682
290.9166667	93.68201
291.1666667	93.74841
291.4166667	93.80786
291.6666667	93.67175
291.9166667	93.60242
292.1833333	93.56042
292.4333333	93.78369
292.6833333	93.74121
292.9333333	93.80475
293.1833333	93.90887
293.4333333	94.19092
293.6833333	94.18683
293.9333333	94.57147
294.1833333	94.72272
294.4333333	94.91321
294.6833333	95.23657
294.9333333	95.34357
295.1833333	95.54224
295.45	95.7262
295.7	95.74194
295.95	96.28375
296.2	96.10931
296.45	96.32806
296.7	96.54388
296.95	96.64966
297.2	96.78754
297.45	96.83057
297.7	97.01776
297.95	96.93817
298.2	97.22711
298.4666667	97.04883
298.7166667	97.39508
298.9666667	97.36011
299.2166667	97.40045
299.4666667	97.52356
299.7166667	97.73615
299.9666667	97.77155
300.2166667	97.6394
300.4666667	97.78113
300.7166667	97.7218
300.9666667	97.94122
301.2166667	97.82904
301.4666667	97.83643
301.7333333	97.89923
301.9666667	97.91284
302.2333333	98.05896
302.4833333	97.81512
302.7333333	98.05322
302.9833333	98.09894
303.2333333	97.89587
303.4833333	97.77637
303.7333333	97.90051
303.9833333	97.98291
304.2333333	97.88525
304.4833333	97.84979
304.7333333	97.90234
304.9833333	97.57739
305.25	97.66248
305.5	97.48907
305.75	97.33325
306	97.31976
306.25	97.32001
306.5	97.26172
306.75	97.20911
307	97.01257
307.25	97.07831
307.5	96.95496
307.75	96.79974
308	96.84332
308.25	96.60516
308.5	96.49414
308.7666667	96.60944
309.0166667	96.46124
309.2666667	96.23108
309.5166667	96.12103
309.7666667	96.14087
310.0166667	96.08252
310.2666667	95.85565
310.5166667	95.94281
310.7666667	95.82233
311.0166667	95.72437
311.2666667	95.59979
311.5166667	95.55316
311.7666667	95.2959
312.0166667	95.30334
312.2666667	95.20441
312.5333333	95.10498
312.7833333	94.99603
313.0333333	94.9436
313.2833333	94.90265
313.5333333	94.67706
313.7833333	94.74127
314.0333333	94.62592
314.2833333	94.46246
314.5333333	94.47742
314.7833333	94.44989
315.0333333	94.32123
315.2833333	94.37274
315.5333333	94.25958
315.7833333	94.21381
316.0333333	94.0658
316.3	94.21924
316.55	94.02979
316.8	93.95959
317.05	93.97968
317.3	93.9845
317.55	93.82001
317.8	93.83002
318.05	93.92834
318.3	94.06555
318.55	94.09894
318.8	94.30945
319.05	94.34753
319.3	94.82733
319.5666667	94.8017
319.8166667	95.15668
320.0666667	95.32227
320.3166667	95.50269
320.5666667	95.77057
320.8166667	96.02618
321.0666667	96.1947
321.3166667	96.33093
321.5666667	96.41583
321.8166667	96.72974
322.0666667	96.59662
322.3166667	96.84265
322.5666667	96.94702
322.8333333	96.9751
323.0833333	97.12512
323.3333333	97.08087
323.5833333	97.32697
323.8333333	97.24225
324.0833333	97.21875
324.3333333	97.24829
324.5833333	97.38153
324.8333333	97.38708
325.0833333	97.28943
325.3333333	97.50128
325.5833333	97.40405
325.85	97.43781
326.0833333	97.41406
326.35	97.5592
326.6	97.38446
326.85	97.32275
327.1	97.37592
327.35	97.39484
327.6	97.40063
327.85	97.38019
328.1	97.04254
328.35	97.01416
328.6	96.9917
328.85	96.65302
329.1	96.5459
329.35	96.40814
329.6166667	96.30273
329.8666667	96.08081
330.1166667	95.8573
330.3666667	95.61792
330.6166667	95.43219
330.8666667	95.05927
331.1166667	94.74243
331.3666667	94.64575
331.6166667	94.34686
331.8666667	93.96625
332.1166667	93.96027
332.3666667	93.42505
332.6166667	93.10822
332.8833333	92.66327
333.1333333	92.27673
333.3833333	91.89777
333.6333333	91.56781
333.8833333	91.20819
334.1333333	90.73016
334.3833333	90.45514
334.6333333	90.01794
334.8833333	89.82269
335.1333333	89.52106
335.3833333	89.10638
335.6333333	88.99237
335.8833333	88.68359
336.15	88.4209
336.4	88.16064
336.65	87.65448
336.9	87.39642
337.15	87.02618
337.4	86.86591
337.65	86.52631
337.9	86.03223
338.15	85.81232
338.4	85.29681
338.65	84.96674
338.9	84.69434
339.15	84.41382
339.4166667	83.84424
339.6666667	83.72046
339.9166667	83.30695
340.1666667	82.99451
340.4166667	82.60388
340.6666667	82.20532
340.9166667	81.85638
341.1666667	81.56348
341.4166667	81.18121
341.6666667	80.85217
341.9166667	80.41248
342.1666667	80.26196
342.4166667	79.8056
342.6666667	79.40466
342.9166667	79.32245
343.1666667	79.19055
343.4333333	79.33368
343.6833333	79.46552
343.9333333	79.97607
344.1833333	80.55768
344.4333333	81.16125
344.6833333	81.8775
344.9333333	82.52777
345.1833333	83.33008
345.4333333	83.98322
345.6833333	84.63367
345.9333333	85.37274
346.1833333	85.95679
346.4333333	86.55371
346.7	87.30524
346.95	87.97906
347.2	88.63971
347.45	89.1413
347.7	89.72095
347.95	90.29962
348.2	90.86066
348.45	91.2132
348.7	91.78564
348.95	92.0824
349.2	92.57111
349.45	92.95166
349.7	93.36438
349.9666667	93.80664
350.2166667	94.02649
350.4666667	94.29181
350.7166667	94.65277
350.9666667	94.85626
351.2166667	95.14636
351.4666667	95.29816
351.7166667	95.50568
351.9666667	95.52148
352.2166667	95.80536
352.4666667	95.8728
352.7166667	95.8562
352.9666667	95.96826
353.2333333	96.13879
353.4833333	95.97449
353.7333333	96.10651
353.9833333	96.21643
354.2333333	96.07831
354.4833333	96.05847
354.7333333	96.05725
354.9833333	95.97723
355.2333333	95.70679
355.4833333	95.57568
355.7333333	95.42731
355.9833333	95.2713
356.2333333	94.99951
356.4833333	94.81433
356.75	94.57275
357	94.33392
357.25	94.02765
357.5	93.82513
357.75	93.30249
358	92.95282
358.25	92.69989
358.5	92.34393
358.75	91.92578
359	91.59863
359.25	91.36469
359.5	90.99402
359.75	90.71045
360.0166667	90.45734
360.2666667	90.00256
360.5166667	89.81989
360.7666667	89.35925
361.0166667	89.0033
361.2666667	88.74377
361.5166667	88.48462
361.7666667	88.21198
362.0166667	87.86139
362.2666667	87.51276
362.5166667	87.2099
362.7666667	86.95648
363.0166667	86.7243
363.2833333	86.43823
363.5333333	86.01727
363.7833333	85.5321
364.0333333	85.41748
364.2833333	85.03876
364.5333333	84.82532
364.7833333	84.40808
365.0333333	84.30273
365.2833333	83.84338
365.5333333	83.60187
365.7833333	83.41943
366.0333333	83.13416
366.2833333	82.677
366.5333333	82.66235
366.7833333	82.26007
367.05	81.93353
367.3	81.71832
367.55	81.52478
367.8	81.13373
368.05	80.93677
368.3	80.75751
368.55	80.67493
368.8	80.65497
369.05	80.79272
369.3	81.08899
369.55	81.45697
369.8	81.95868
370.05	82.70477
370.3	83.49768
370.55	84.2132
370.8166667	85.22546
371.0666667	85.89886
371.3166667	86.91162
371.5666667	87.66486
371.8166667	88.45837
372.0666667	89.21545
372.3166667	89.95538
372.5666667	90.52252
372.8166667	91.19916
373.0666667	92.02765
373.3166667	92.49677
373.5666667	92.92651
373.8166667	93.35931
374.0833333	93.84705
374.3333333	94.22943
374.5833333	94.49567
374.8333333	94.86768
375.0833333	95.09589
375.3333333	95.47913
375.5833333	95.73901
375.8333333	95.76807
376.0833333	96.13092
376.3333333	96.21136
376.5833333	96.46552
376.8333333	96.70898
377.0833333	96.75037
377.35	96.89825
377.6	96.99408
377.85	97.02368
378.1	97.12408
378.35	97.17883
378.6	97.12628
378.85	97.21783
379.1	97.20386
379.35	97.23468
379.6	97.15289
379.85	97.06714
380.1	96.8208
380.35	96.68201
380.6166667	96.7074
380.8666667	96.55725
381.1166667	96.16882
381.3666667	96.00928
381.6166667	95.90741
381.8666667	95.82263
382.1166667	95.39508
382.3666667	95.05157
382.6166667	94.95264
382.8666667	94.63641
383.1166667	94.20837
383.3666667	94.02423
383.6166667	93.6272
383.8833333	93.24103
384.1333333	92.95349
384.3833333	92.71167
384.6333333	92.28406
384.8833333	92.15564
385.1333333	91.68506
385.3833333	91.34271
385.6333333	90.96906
385.8833333	90.5658
386.1333333	90.18164
386.3833333	89.85645
386.6333333	89.60895
386.8833333	89.25781
387.1333333	88.77069
387.3833333	88.51263
387.6333333	88.25397
387.9	87.82385
388.15	87.39862
388.4	87.06873
388.65	86.57275
388.9	86.27411
389.15	85.99628
389.4	85.29718
389.65	85.02289
389.9	84.67432
390.15	84.2641
390.4	83.92944
390.65	83.48987
390.9	83.05499
391.1666667	82.67407
391.4166667	82.43097
391.6666667	82.24231
391.9166667	81.90826
392.1666667	81.55878
392.4166667	81.24231
392.6666667	80.96887
392.9166667	80.74237
393.1666667	80.39844
393.4166667	80.16479
393.6666667	79.93481
393.9166667	79.51929
394.1666667	79.41901
394.4333333	79.30243
394.6833333	79.33923
394.9333333	79.75452
395.1833333	80.19672
395.4333333	80.67279
395.6833333	81.26221
395.9333333	82.03204
396.1833333	82.73376
396.4333333	83.44928
396.6833333	84.14502
396.9333333	84.96332
397.1833333	85.80957
397.4333333	86.46405
397.7	87.14087
397.95	87.83539
398.2	88.67938
398.45	89.18475
398.7	89.91663
398.95	90.4198
399.2	91.03229
399.45	91.68494
399.7	92.21704
399.95	92.60187
400.2	93.14154
400.45	93.4325
400.7	93.85645
400.9666667	94.10529
401.2166667	94.45251
401.4666667	94.74615
401.7166667	95.06128
401.9666667	95.29407
402.2166667	95.43457
402.4666667	95.76996
402.7166667	95.78351
402.9666667	95.9823
403.2166667	96.16101
403.4666667	96.29346
403.7166667	96.52295
403.9666667	96.60217
404.2166667	96.76129
404.4666667	96.96796
404.7333333	96.76685
404.9833333	97.03998
405.2333333	96.99274
405.4833333	97.17181
405.7333333	97.1004
405.9833333	97.12042
406.2333333	97.15106
406.4833333	97.04486
406.7333333	96.95465
406.9833333	97.03937
407.2333333	97.0426
407.4833333	96.95728
407.7333333	96.88672
408	96.68085
408.25	96.8125
408.5	96.76776
408.75	96.80096
409	96.66046
409.25	96.46466
409.5	96.44336
409.75	96.37036
410	96.21875
410.25	96.20093
410.5	96.06372
410.75	95.99652
411	95.88159
411.2666667	95.7807
411.5166667	95.69861
411.7666667	95.65082
412.0166667	95.43561
412.2666667	95.41974
412.5166667	95.33118
412.7666667	94.97565
413.0166667	95.00269
413.2666667	94.88165
413.5166667	94.78632
413.7666667	94.6579
414.0166667	94.31567
414.2833333	94.4422
414.5333333	94.14679
414.7833333	94.03723
415.0333333	94.04834
415.2833333	93.80011
415.5333333	93.604
415.7833333	93.57562
416.0333333	93.42542
416.2833333	93.26459
416.5333333	93.12274
416.7833333	93.01282
417.0333333	92.80725
417.2833333	92.80524
417.55	92.73822
417.7833333	92.52655
418.05	92.54333
418.3	92.22375
418.55	92.23596
418.8	92.13092
419.05	91.89178
419.3	91.7215
419.55	91.54242
419.8	91.64856
420.05	91.68658
420.3	91.46973
420.55	91.62335
420.8	91.6535
421.05	91.97723
421.3166667	92.16577
421.55	92.38135
421.8166667	92.86127
422.0666667	93.04498
422.3166667	93.44714
422.5666667	93.68219
422.8166667	93.93353
423.0666667	94.22107
423.3166667	94.67401
423.5666667	94.82074
423.8166667	95.15759
424.0666667	95.36102
424.3166667	95.6192
424.5666667	96.0033
424.8166667	96.04657
425.0666667	96.25226
425.3166667	96.32513
425.5666667	96.58276
425.8333333	96.70374
426.0833333	96.93488
426.3333333	97.03754
426.5833333	97.01044
426.8333333	97.29169
427.0833333	97.20435
427.3333333	97.33215
427.5833333	97.46185
427.8333333	97.54987
428.0833333	97.66864
428.3333333	97.71771
428.5833333	97.76257
428.85	97.74152
429.0833333	97.97485
429.35	97.98926
429.6	97.93109
429.85	98.07672
430.1	97.96515
430.35	98.00885
430.6	98.0097
430.85	98.03729
431.1	98.13586
431.35	97.95306
431.6	97.86517
431.85	98.04871
432.1	97.97247
432.35	97.89258
432.6	97.86017
432.8666667	97.7951
433.1166667	97.72681
433.3666667	97.77234
433.6166667	97.87073
433.8666667	97.72614
434.1166667	97.61511
434.3666667	97.36945
434.6166667	97.43518
434.8666667	97.29211
435.1166667	97.3645
435.3666667	97.25598
435.6166667	97.17926
435.8833333	96.91095
436.1333333	96.99719
436.3833333	97.00293
436.6333333	96.81213
436.8833333	96.72351
437.1333333	96.58691
437.3833333	96.45728
437.6333333	96.43945
437.8833333	96.29578
438.1333333	96.31372
438.3833333	96.18982
438.6333333	96.06201
438.8833333	95.94781
439.1333333	95.83148
439.4	95.7934
439.65	95.76434
439.9	95.63727
440.15	95.48047
440.4	95.35895
440.65	95.21942
440.9	95.08203
441.15	95.0069
441.4	95.01654
441.65	94.862
441.9	94.7558
442.15	94.75519
442.4	94.60431
442.6666667	94.59314
442.9166667	94.59015
443.1666667	94.35071
443.4166667	94.22955
443.6666667	94.12878
443.9166667	94.16119
444.1666667	93.95001
444.4166667	93.8714
444.6666667	93.86456
444.9166667	93.75922
445.1666667	93.53345
445.4166667	93.52448
445.6666667	93.44824
445.9166667	93.38226
446.1833333	93.39587
446.4333333	93.5105
446.6833333	93.61163
446.9333333	93.88593
447.1833333	93.83496
447.4333333	94.19385
447.6833333	94.46558
447.9333333	94.62817
448.1833333	94.93079
448.4333333	95.02087
448.6833333	95.35944
448.9333333	95.45166
449.1833333	95.63739
449.4333333	95.91302
449.7	96.15302
449.95	96.34814
450.2	96.53876
450.45	96.60986
450.7	96.76892
450.95	96.81549
451.2	97.2312
451.45	97.20703
451.7	97.20776
451.95	97.64496
452.2	97.49634
452.45	97.51666
452.7	97.56244
452.9666667	97.72119
453.2166667	97.71954
453.4666667	97.9436
453.7166667	97.83392
453.9666667	97.93866
454.2166667	98.00281
454.4666667	98.08453
454.7166667	98.12671
454.9666667	98.0976
455.2166667	98.07062
455.4666667	98.23724
455.7166667	98.3205
455.9666667	98.16766
456.2333333	98.06024
456.4666667	98.1684
456.7333333	98.20532
456.9833333	98.12024
457.2333333	98.26703
457.4833333	98.07397
457.7333333	98.17633
457.9833333	98.06091
458.2333333	98.04089
458.4833333	97.92999
458.7333333	97.83868
458.9833333	97.82507
459.2333333	97.79242
459.4833333	97.82141
459.7333333	97.73529
460	97.67126
460.25	97.51038
460.5	97.53876
460.75	97.38818
461	97.25983
461.25	97.28943
461.5	97.19812
461.75	97.10748
462	97.04224
462.25	97.00037
462.5	96.87018
462.75	96.73248
463	96.64941
463.2666667	96.53339
463.5166667	96.39069
463.7666667	96.42328
464.0166667	96.22217
464.2666667	96.16724
464.5166667	96.13165
464.7666667	96.09955
465.0166667	95.95123
465.2666667	96.05145
465.5166667	95.75159
465.7666667	95.85498
466.0166667	95.70209
466.2666667	95.63483
466.5166667	95.53973
466.7666667	95.54254
467.0333333	95.2757
467.2833333	95.29138
467.5333333	95.14484
467.7833333	95.17847
468.0333333	94.91003
468.2833333	94.81183
468.5333333	94.81183
468.7833333	94.68506
469.0333333	94.65961
469.2833333	94.51044
469.5333333	94.49579
469.7833333	94.31055
470.05	94.49292
470.3	94.13391
470.55	94.12634
470.8	93.97693
471.05	93.84698
471.3	93.87524
471.55	93.84924
471.8	93.92676
472.05	93.88721
472.3	94.01349
472.55	94.04297
472.8	94.30469
473.05	94.44525
473.3166667	94.5321
473.5666667	94.8916
473.8166667	94.92999
474.0666667	95.23425
474.3166667	95.40393
474.5666667	95.54053
474.8166667	95.78186
475.0666667	96.03113
475.3166667	96.21008
475.5666667	96.3631
475.8166667	96.49432
476.0666667	96.65674
476.3166667	96.94666
476.5833333	97.09381
476.8333333	97.16833
477.0833333	97.23895
477.3333333	97.36157
477.5833333	97.44775
477.8333333	97.49994
478.0833333	97.47333
478.3333333	97.73779
478.5833333	97.58539
478.8333333	97.76294
479.0833333	97.87048
479.3333333	97.89783
479.5833333	97.86755
479.85	97.94458
480.1	98.0365
480.35	98.05005
480.6	98.10126
480.85	98.11627
481.1	98.16547
481.35	98.17285
481.6	98.091
481.85	98.12726
482.1	98.2757
482.35	98.1944
482.6	98.14642
482.85	98.21045
483.1	98.22375
483.35	98.1557
483.6166667	98.09119
483.8666667	98.07672
484.1166667	97.96002
484.3666667	98.00751
484.6166667	97.8183
484.8666667	97.93762
485.1166667	97.84821
485.3666667	97.73279
485.6166667	97.89441
485.8666667	97.72876
486.1166667	97.69897
486.3666667	97.69073
486.6166667	97.48273
486.8666667	97.51288
487.1333333	97.41821
487.3833333	97.35834
487.6333333	97.40576
487.8833333	97.20746
488.1333333	97.20789
488.3833333	97.27887
488.6333333	97.09332
488.8833333	97.00208
489.1333333	97.03473
489.3833333	96.88812
489.6333333	96.77155
489.8833333	96.71246
490.1333333	96.67529
490.4	96.6297
490.65	96.54419
490.9	96.51477
491.15	96.32129
491.4	96.3175
491.65	96.21411
491.9	96.14716
492.15	96.13538
492.4	96.02368
492.65	96.0517
492.9	95.76221
493.15	95.6095
493.4	95.67743
493.65	95.67865
493.9	95.52124
494.1666667	95.32251
494.4166667	95.42273
494.6666667	95.07562
494.9166667	95.25031
495.1666667	95.02338
495.4166667	95.06647
495.6666667	94.91919
495.9166667	94.76031
496.1666667	94.68463
496.4166667	94.62555
496.6666667	94.46429
496.9166667	94.44684
497.1666667	94.32721
497.4166667	94.27661
497.6833333	94.34613
497.9333333	94.43213
498.1833333	94.4021
498.4333333	94.50476
498.6833333	94.71533
498.9333333	94.93481
499.1833333	95.06512
499.4333333	95.24933
499.6833333	95.67676
499.9333333	95.81934
500.1833333	95.83911
500.4333333	96.02783
500.6833333	96.08691
500.95	96.40302
501.2	96.62787
501.45	96.71832
501.7	96.94647
501.95	97.02173
502.2	97.16797
502.45	97.22272
502.7	97.36865
502.95	97.30554
503.2	97.56989
503.45	97.7218
503.7	97.63605
503.9666667	97.79895
504.2166667	97.88879
504.4666667	97.93658
504.7166667	97.89716
504.9666667	97.88678
505.2166667	98.07172
505.4666667	98.1264
505.7166667	98.04474
505.9666667	98.22772
506.2166667	98.2912
506.4666667	98.22101
506.7166667	98.10315
506.9666667	98.33032
507.2166667	98.35565
507.4833333	98.24115
507.7333333	98.1311
507.9833333	98.29926
508.2333333	98.11847
508.4833333	98.22205
508.7333333	98.22687
508.9833333	98.18732
509.2333333	98.16479
509.4833333	98.12482
509.7333333	98.10687
509.9833333	98.10345
510.2333333	98.02838
510.4833333	98.01111
510.7333333	97.95245
511	97.92407
511.25	97.87439
511.5	97.71289
511.75	97.57867
512	97.66534
512.25	97.68158
512.5	97.53412
512.75	97.37384
513	97.40863
513.25	97.2464
513.5	97.33557
513.75	97.07782
514	97.11713
514.25	97.1394
514.5166667	96.98608
514.7666667	96.99878
515.0166667	96.65179
515.2666667	96.80975
515.5166667	96.6275
515.7666667	96.68567
516.0166667	96.38629
516.2666667	96.39777
516.5166667	96.30817
516.7666667	96.11957
517.0166667	96.1347
517.2666667	95.84174
517.5166667	96.0224
517.7666667	95.95203
518.0166667	95.83319
518.2833333	95.66553
518.5333333	95.53265
518.7833333	95.57568
519.0333333	95.53839
519.2833333	95.47943
519.5333333	95.35767
519.7833333	95.11163
520.0333333	95.20886
520.2833333	95.10229
520.5333333	95.03583
520.7833333	94.94836
521.0333333	94.95929
521.2833333	94.94366
521.55	94.81812
521.8	94.62946
522.05	94.76331
522.3	94.60339
522.55	94.45624
522.8	94.51465
523.05	94.34326
523.3	94.41101
523.55	94.35175
523.8	94.38812
524.05	94.6062
524.3	94.80896
524.55	94.7016
524.8	94.95892
525.05	95.11243
525.3166667	95.20886
525.5666667	95.47577
525.8166667	95.69641
526.0666667	95.66809
526.3166667	95.81659
526.5666667	96.13287
526.8166667	96.17389
527.0666667	96.30396
527.3166667	96.26251
527.5666667	96.43036
527.8166667	96.39215
528.0666667	96.46686
528.3166667	96.6499
528.5666667	96.61072
528.8166667	96.60944
529.0833333	96.77625
529.3333333	96.78406
529.5833333	96.86108
529.8333333	96.9314
530.0833333	96.85028
530.3333333	96.80219
530.5833333	96.81287
530.8333333	96.87378
531.0833333	97.05853
531.3333333	96.90656
531.5833333	97.05103
531.8333333	96.9306
532.0833333	96.90985
532.35	96.83075
532.6	96.81934
532.85	96.80182
533.1	96.89972
533.35	96.70404
533.6	96.75024
533.85	96.70734
534.1	96.53925
534.35	96.57587
534.6	96.42389
534.85	96.31622
535.1	95.99677
535.35	95.74506
535.6166667	95.54614
535.8666667	95.34863
536.1166667	95.28436
536.3666667	94.95068
536.6166667	94.79578
536.8666667	94.72101
537.1166667	94.32751
537.3666667	94.10394
537.6166667	94.00659
537.8666667	93.5849
538.1166667	93.15894
538.3666667	92.91949
538.6166667	92.58521
538.8833333	92.40253
539.1333333	92.21716
539.3833333	91.82562
539.6333333	91.47455
539.8833333	91.1333
540.1333333	90.66034
540.3833333	90.57477
540.6333333	90.23853
540.8833333	89.79004
541.1333333	89.38452
541.3833333	89.16656
541.6333333	88.92572
541.8833333	88.59369
542.15	88.16785
542.4	87.93085
542.65	87.49695
542.9	87.11035
543.15	86.84393
543.4	86.68738
543.65	86.22784
543.9	85.97485
544.15	85.5722
544.4	85.36823
544.65	84.9967
544.9	84.90723
545.15	84.59186
545.4	84.22046
545.6666667	84.01782
545.9166667	83.67426
546.1666667	83.42273
546.4166667	83.159
546.6666667	82.93884
546.9166667	82.75073
547.1666667	82.55304
547.4166667	82.26532
547.6666667	81.87341
547.9166667	81.65454
548.1666667	81.36633
548.4166667	81.30701
548.6666667	81.37622
548.9333333	81.68835
549.1833333	82.15015
549.4333333	82.78101
549.6833333	83.36603
549.9333333	83.99683
550.1833333	84.70612
550.4333333	85.56354
550.6833333	86.46741
550.9333333	87.12659
551.1833333	87.90765
551.4333333	88.68469
551.6833333	89.1947
551.9333333	89.93921
552.2	90.65088
552.45	91.09216
552.7	91.75348
552.95	92.29651
553.2	92.70087
553.45	92.98358
553.7	93.44189
553.95	93.72467
554.2	94.17871
554.45	94.37164
554.7	94.69861
554.95	95.07532
555.2	95.12939
555.4666667	95.45496
555.7166667	95.52136
555.9666667	95.50397
556.2166667	95.74176
556.4666667	95.8194
556.7166667	95.8255
556.9666667	96.05371
557.2166667	96.10895
557.4666667	95.98035
557.7166667	96.13873
557.9666667	96.37183
558.2166667	96.30652
558.4666667	96.42889
558.7166667	96.24591
558.9833333	96.36261
559.2333333	96.29169
559.4833333	96.33478
559.7333333	96.13947
559.9833333	96.15894
560.2333333	96.14856
560.4833333	96.08264
560.7333333	95.86597
560.9833333	95.84436
561.2333333	95.55756
561.4833333	95.30328
561.7333333	94.89722
561.9833333	94.78931
562.25	94.57629
562.5	94.41382
562.75	94.22119
563	93.99811
563.25	93.71387
563.5	93.51715
563.75	93.26971
564	93.01428
564.25	92.76501
564.5	92.5462
564.75	92.47266
565	92.10004
565.25	92.0033
565.5166667	91.6449
565.7666667	91.22919
566.0166667	91.28033
566.2666667	90.85059
566.5166667	90.44763
566.7666667	90.12219
567.0166667	89.89917
567.2666667	89.4613
567.5166667	89.18817
567.7666667	89.00171
568.0166667	88.70953
568.2666667	88.3136
568.5166667	88.06836
568.7833333	87.79913
569.0333333	87.43927
569.2833333	87.12939
569.5333333	86.84296
569.7833333	86.51965
570.0333333	86.14178
570.2833333	86.05066
570.5333333	85.67358
570.7833333	85.4093
571.0333333	85.11426
571.2833333	84.75635
571.5333333	84.63983
571.7833333	84.36908
572.05	84.1673
572.3	83.97351
572.55	83.492
572.8	83.42578
573.05	82.98175
573.3	82.86249
573.55	82.63696
573.8	82.49182
574.05	82.32208
574.3	82.24396
574.55	82.43762
574.8	82.80634
575.05	83.26666
575.3	84.00067
575.5666667	84.68848
575.8166667	85.3606
576.0666667	85.98798
576.3166667	86.66779
576.5666667	87.46497
576.8166667	88.21808
577.0666667	88.78247
577.3166667	89.41583
577.5666667	89.85699
577.8166667	90.54962
578.0666667	91.2356
578.3166667	91.59595
578.5666667	92.0202
578.8166667	92.38501
579.0833333	92.65698
579.3333333	93.04083
579.5833333	93.3454
579.8333333	93.48248
580.0833333	93.67505
580.3333333	94.03113
580.5833333	94.24854
580.8333333	94.49023
581.0833333	94.64099
581.3333333	94.78149
581.5833333	94.91022
581.8333333	95.27606
582.0833333	95.44086
582.35	95.52753
582.6	95.67578
582.85	95.63409
583.1	95.9433
583.35	95.99176
583.6	96.08771
583.85	96.12067
584.1	96.07129
584.35	96.09735
584.6	96.18909
584.85	96.15271
585.1	96.15735
585.35	96.14423
585.6166667	96.03723
585.8666667	95.9361
586.1166667	95.6507
586.3666667	95.78918
586.6166667	95.46283
586.8666667	95.35864
587.1166667	95.18988
587.3666667	95.00922
587.6166667	94.77393
587.8666667	94.42505
588.1166667	94.21686
588.3666667	94.01801
588.6166667	93.89209
588.8666667	93.75604
589.1166667	93.39362
589.3833333	93.1745
589.6333333	93.0528
589.8833333	92.79761
590.1333333	92.5343
590.3833333	92.30939
590.6333333	92.04639
590.8833333	91.84821
591.1333333	91.69806
591.3833333	91.32623
591.6333333	91.177
591.8833333	91.05109
592.1333333	91.00983
592.4	90.5368
592.65	90.32513
592.9	90.25623
593.15	89.91864
593.4	89.62054
593.65	89.38806
593.9	89.12518
594.15	88.96057
594.4	88.59882
594.65	88.36304
594.9	88.09497
595.15	87.90741
595.4	87.59393
595.6666667	87.43127
595.9166667	87.13434
596.1666667	87.02667
596.4166667	86.87018
596.6666667	86.64447
596.9166667	86.4068
597.1666667	86.31598
597.4166667	86.0459
597.6666667	85.7854
597.9166667	85.474
598.1666667	85.31903
598.4166667	84.68945
598.6666667	84.58063
598.9166667	84.14984
599.1833333	83.81317
599.4333333	83.72015
599.6833333	83.55713
599.9333333	83.55634
600.1833333	83.85999
600.4333333	84.02588
600.6833333	84.50891
600.9333333	85.02881
601.1833333	85.47418
601.4333333	86.04382
601.6833333	86.69794
601.9333333	87.40002
602.1833333	88.08533
602.45	88.67694
602.7	89.07288
602.95	89.79211
603.2	90.54114
603.45	90.9256
603.7	91.5127
603.95	91.8714
604.2	92.37921
604.45	92.92743
604.7	93.35999
604.95	93.79578
605.2	93.91742
605.45	94.18237
605.7166667	94.37677
605.9666667	94.5896
606.2166667	94.84296
606.4666667	95.11926
606.7166667	95.13068
606.9666667	95.1629
607.2166667	95.39893
607.4666667	95.58539
607.7166667	95.59235
607.9666667	95.62921
608.2166667	95.89642
608.4666667	95.74963
608.7166667	96.05231
608.9833333	95.94458
609.2333333	96.08588
609.4833333	96.04523
609.7333333	96.05457
609.9833333	96.2005
610.2333333	95.9068
610.4833333	95.81464
610.7333333	95.8772
610.9833333	95.48724
611.2333333	95.4353
611.4833333	95.18231
611.7333333	94.85895
611.9833333	94.48981
612.25	94.30786
612.5	94.14075
612.75	93.83167
613	93.48193
613.25	93.08588
613.5	93.02106
613.75	92.534
614	92.2998
614.25	92.12939
614.5	91.80542
614.75	91.61743
615	91.39575
615.25	91.13312
615.5	91.05078
615.7666667	90.86572
616.0166667	90.61548
616.2666667	90.38983
616.5166667	90.24994
616.7666667	90.15271
617.0166667	89.96381
617.2666667	89.87396
617.5166667	89.71289
617.7666667	89.50867
618.0166667	89.50446
618.2666667	89.16675
618.5166667	89.0816
618.7666667	88.99701
619.0166667	88.77863
619.2833333	88.75836
619.5333333	88.53009
619.7833333	88.62708
620.0333333	88.29248
620.2833333	88.28674
620.5333333	88.16766
620.7833333	88.0412
621.0333333	88.01538
621.2833333	87.85022
621.5333333	87.68091
621.7833333	87.62103
622.0333333	87.53497
622.2833333	87.36566
622.55	87.44287
622.8	87.46521
623.05	87.41736
623.3	87.35187
623.55	87.35114
623.8	87.29932
624.05	87.29626
624.3	87.26105
624.55	87.11884
624.8	87.35492
625.05	87.38416
625.3	87.40497
625.55	87.51031
625.8	87.65289
626.0666667	87.84692
626.3166667	88.19263
626.5666667	88.58484
626.8166667	88.98224
627.0666667	89.47827
627.3166667	89.88184
627.5666667	90.33905
627.8166667	90.7915
628.0666667	91.27588
628.3166667	91.64197
628.5666667	92.20715
628.8166667	92.39221
629.0666667	92.97974
629.3333333	93.33282
629.5833333	93.64691
629.8333333	93.8288
630.0833333	94.21765
630.3333333	94.39429
630.5833333	94.85394
630.8333333	95.06506
631.0833333	95.23499
631.3333333	95.58154
631.5833333	95.59583
631.8333333	96.11322
632.0833333	96.16681
632.3333333	96.47412
632.6	96.61658
632.85	96.58545
633.1	96.64166
633.35	96.77338
633.6	96.81622
633.85	96.99603
634.1	97.01111
634.35	97.24023
634.6	97.31158
634.85	97.44775
635.1	97.50781
635.35	97.40778
635.6	97.52576
635.85	97.56818
636.1166667	97.55017
636.3666667	97.51965
636.6166667	97.58441
636.8666667	97.6391
637.1166667	97.60687
637.3666667	97.55212
637.6166667	97.44366
637.8666667	97.5368
638.1166667	97.49121
638.3666667	97.39801
638.6166667	97.32251
638.8666667	97.26697
639.1166667	97.24139
639.3833333	97.24347
639.6333333	96.88177
639.8833333	96.97681
640.1333333	96.89148
640.3833333	96.70178
640.6333333	96.73907
640.8833333	96.67566
641.1333333	96.44171
641.3833333	96.29486
641.6333333	96.18994
641.8833333	96.26599
642.1333333	96.047
642.3833333	96.07483
642.6333333	96.01111
642.9	95.87866
643.15	95.79639
643.4	95.71979
643.65	95.59521
643.9	95.53876
644.15	95.31995
644.4	95.25598
644.65	95.15186
644.9	95.19513
645.15	94.97119
645.4	95.10284
645.65	94.99377
645.9166667	94.91101
646.1666667	94.79639
646.4166667	94.61285
646.6666667	94.63812
646.9166667	94.62689
647.1666667	94.72852
647.4166667	94.53137
647.6666667	94.46503
647.9166667	94.53632
648.1666667	94.39624
648.4166667	94.34247
648.6666667	94.27997
648.9166667	94.23737
649.1833333	94.20758
649.4166667	94.10187
649.6833333	93.966
649.9333333	94.10455
650.1833333	93.94397
650.4333333	93.90436
650.6833333	93.79181
650.9333333	93.56439
651.1833333	93.65021
651.4333333	93.39496
651.6833333	93.51563
651.9333333	93.50867
652.1833333	93.56433
652.4333333	93.69794
652.7	93.90027
652.95	94.02075
653.2	94.14417
653.45	94.46582
653.7	94.56549
653.95	94.74756
654.2	94.94482
654.45	95.07751
654.7	95.48206
654.95	95.73615
655.2	95.81531
655.45	95.97736
655.7	96.15259
655.95	96.28351
656.2	96.58936
656.4666667	96.5672
656.7166667	96.68512
656.9666667	96.70587
657.2166667	96.97357
657.4666667	97.1225
657.7166667	97.30847
657.9666667	97.30048
658.2166667	97.42755
658.4666667	97.34711
658.7166667	97.56934
658.9666667	97.64368
659.2166667	97.65106
659.4666667	97.70862
659.7166667	97.82233
659.9666667	97.80164
660.2333333	97.89374
660.4833333	97.93811
660.7333333	98.09625
660.9833333	98.03644
661.2333333	97.88116
661.4833333	98.05872
661.7333333	98.0351
661.9833333	97.95764
662.2333333	98.03638
662.4833333	98.06946
662.7333333	98.05719
662.9833333	98.03827
663.2333333	98.078
663.5	97.99292
663.75	97.81873
664	97.98187
664.25	98.03571
664.5	97.83179
664.75	97.6806
665	97.65234
665.25	97.63141
665.5	97.72278
665.75	97.80975
666	97.58521
666.25	97.47479
666.5	97.54352
666.7666667	97.31256
667.0166667	97.34686
667.2666667	97.42841
667.5166667	97.1637
667.7666667	97.125
668.0166667	97.12451
668.2666667	96.92389
668.5166667	96.84332
668.7666667	96.79932
669.0166667	96.66589
669.2666667	96.73975
669.5166667	96.4281
669.7666667	96.41809
670.0333333	96.22247
670.2833333	96.11945
670.5333333	96.07104
670.7833333	95.93207
671.0333333	95.69623
671.2833333	95.50647
671.5333333	95.48602
671.7833333	95.40375
672.0333333	95.3634
672.2833333	95.34296
672.5333333	95.08771
672.7833333	94.94177
673.0333333	94.92627
673.3	94.75208
673.55	94.80664
673.8	94.71912
674.05	94.53796
674.3	94.31482
674.55	94.33862
674.8	94.04651
675.05	94.17737
675.3	94.03387
675.55	93.82953
675.8	93.79755
676.05	93.62878
676.3	93.62939
676.55	93.49158
676.8	93.50403
677.0666667	93.38049
677.3166667	93.49719
677.5666667	93.61615
677.8166667	93.7417
678.0666667	93.82532
678.3166667	93.87787
678.5666667	94.05634
678.8166667	94.24731
679.0666667	94.54785
679.3166667	94.83264
679.5666667	94.89563
679.8166667	95.10797
680.0666667	95.27081
680.3333333	95.42029
680.5833333	95.7876
680.8333333	95.97614
681.0833333	96.09119
681.3333333	96.15997
681.5833333	96.22614
681.8333333	96.41595
682.0833333	96.75525
682.3333333	96.87781
682.5833333	96.97717
682.8333333	97.07648
683.0833333	97.20148
683.3333333	97.17499
683.6	97.29706
683.85	97.17255
684.1	97.60046
684.35	97.49579
684.6	97.66022
684.85	97.57251
685.1	97.58411
685.35	97.7005
685.6	97.91412
685.85	97.80212
686.1	97.86292
686.35	97.79425
686.6	97.94159
686.85	97.94556
687.1	97.9068
687.3666667	98.03558
687.6166667	97.9444
687.8666667	97.89484
688.1166667	97.96051
688.3666667	97.97882
688.6166667	97.85413
688.8666667	97.84534
689.1166667	97.99231
689.3666667	97.88226
689.6166667	97.77802
689.8666667	97.90479
690.1166667	97.82178
690.3666667	97.84985
690.6333333	97.81592
690.8833333	97.82544
691.1333333	97.65186
691.3833333	97.6297
691.6333333	97.52386
691.8833333	97.7951
692.1333333	97.53906
692.3833333	97.54065
692.6333333	97.4519
692.8833333	97.36169
693.1333333	97.18506
693.3833333	97.2854
693.65	97.19019
693.9	97.24628
694.15	97.16864
694.4	96.94836
694.65	96.77582
694.9	96.93073
695.15	96.85822
695.4	96.75885
695.65	96.67523
695.9	96.46545
696.15	96.44171
696.4	96.46106
696.65	96.17548
696.9166667	96.20898
697.1666667	96.18268
697.4166667	95.89081
697.6666667	95.97815
697.9166667	95.86951
698.1666667	95.90668
698.4166667	95.6922
698.6666667	95.63208
698.9166667	95.61609
699.1666667	95.48273
699.4166667	95.38977
699.6666667	95.18756
699.9166667	95.19659
700.1666667	95.22321
700.4166667	95.12286
700.6833333	95.13593
700.9333333	94.80426
701.1833333	94.71301
701.4333333	94.6925
701.6833333	94.69794
701.9333333	94.55591
702.1833333	94.57587
702.4333333	94.46692
702.6833333	94.36456
702.9333333	94.4223
703.1833333	94.16443
703.4333333	94.10876
703.6833333	94.63971
703.9333333	94.53174
704.2	94.54712
704.45	94.74658
704.7	94.87805
704.95	94.96838
705.2	95.15179
705.45	95.41119
705.7	95.50446
705.95	95.59052
706.2	95.75769
706.45	95.86151
706.7	96.19098
706.95	96.22894
707.2	96.51477
707.4666667	96.54163
707.7166667	96.61609
707.9666667	96.65997
708.2166667	96.89075
708.4666667	96.89557
708.7166667	97.17694
708.9666667	97.19751
709.2166667	97.22473
709.4666667	97.47174
709.7166667	97.35437
709.9666667	97.45251
710.2166667	97.43097
710.4666667	97.60388
710.7333333	97.57721
710.9833333	97.60266
711.2333333	97.70294
711.4833333	97.77655
711.7333333	97.77716
711.9833333	97.74078
712.2333333	97.92572
712.4833333	97.92291
712.7333333	97.88855
712.9833333	97.88525
713.2333333	97.91339
713.4833333	98.05408
713.7333333	97.96729
713.9833333	98.09229
714.2333333	97.9209
714.5	98.02991
714.75	98.06628
715	97.77618
715.25	97.92041
715.5	98.04309
715.75	97.90887
716	97.90637
716.25	98.05566
716.5	97.85498
716.75	97.96033
717	97.76776
717.25	97.68542
717.5	97.57043
717.7666667	97.6394
718.0166667	97.68298
718.2666667	97.58228
718.5166667	97.59369
718.7666667	97.55139
719.0166667	97.45203
719.2666667	97.34637
719.5166667	97.34558
719.7666667	97.31824
720.0166667	97.18536
720.2666667	97.29791
720.5166667	97.14325
720.7666667	97.03363
721.0333333	96.92987
721.2833333	96.85352
721.5333333	96.68451
721.7833333	96.56573
722.0333333	96.44861
722.2833333	96.25793
722.5333333	96.33691
722.7833333	96.16333
723.0333333	95.92151
723.2833333	95.7384
723.5333333	95.89429
723.7833333	95.54602
724.0333333	95.39954
724.3	95.23981
724.55	95.27802
724.8	95.16644
725.05	94.89661
725.3	94.62207
725.55	94.50903
725.8	94.36469
726.05	94.21649
726.3	94.05957
726.55	93.77277
726.8	93.73267
727.05	93.39264
727.3	93.19708
727.55	92.90771
727.8	92.78796
728.0666667	92.57294
728.3166667	92.43842
728.5666667	92.40619
728.8166667	92.38605
729.0666667	92.2876
729.3166667	92.34515
729.5666667	92.52863
729.8166667	92.79126
730.0666667	93.19
730.3166667	93.43396
730.5666667	93.72412
730.8166667	93.98981
731.0666667	94.16949
731.3333333	94.4231
731.5833333	94.63104
731.8333333	94.94147
732.0833333	95.36676
732.3333333	95.41217
732.5833333	95.53992
732.8333333	95.73157
733.0833333	95.89636
733.3333333	96.12061
733.5833333	96.41388
733.8333333	96.55072
734.0833333	96.34918
734.35	96.73413
734.6	96.8175
734.85	97.00079
735.1	96.97906
735.35	97.13623
735.6	97.39459
735.85	97.3808
736.1	97.4538
736.35	97.60248
736.6	97.70154
736.85	97.79962
737.1	97.87506
737.35	97.86273
737.6166667	97.8764
737.8666667	97.82257
738.1166667	98.01489
738.3666667	97.87585
738.6166667	97.83197
738.8666667	97.83887
739.1166667	97.81012
739.3666667	97.74261
739.6166667	97.83429
739.8666667	97.75159
740.1166667	97.70691
740.3666667	97.56653
740.6166667	97.4101
740.8833333	97.32794
741.1333333	97.18781
741.3833333	97.08667
741.6333333	96.78351
741.8833333	96.58484
742.1333333	96.56915
742.3833333	96.34875
742.6333333	96.09796
742.8833333	95.90588
743.1333333	95.74976
743.3833333	95.51489
743.6333333	95.0874
743.8833333	94.97321
744.15	94.6355
744.4	94.49884
744.65	94.31097
744.9	93.9776
745.15	93.6936
745.4	93.55286
745.65	93.23175
745.9	93.07587
746.15	92.92279
746.4	92.56049
746.65	92.18176
746.9	92.01019
747.1666667	91.69958
747.4	91.59125
747.6666667	91.48059
747.9166667	91.21509
748.1666667	91.0531
748.4166667	90.83508
748.6666667	90.59198
748.9166667	90.42126
749.1666667	90.21063
749.4166667	89.9657
749.6666667	89.89221
749.9166667	89.6261
750.1666667	89.3891
750.4166667	89.2691
750.6666667	89.08771
750.9166667	88.94098
751.1833333	88.89679
751.4333333	88.69403
751.6833333	88.43365
751.9333333	88.26404
752.1833333	88.2312
752.4333333	88.05786
752.6833333	87.81348
752.9333333	87.74481
753.1833333	87.62799
753.4333333	87.61102
753.6833333	87.59979
753.9333333	87.74109
754.2	87.86633
754.45	88.10547
754.7	88.42084
754.95	88.90149
755.2	89.42493
755.45	89.94379
755.7	90.41583
755.95	90.96057
756.2	91.57074
756.45	92.02618
756.7	92.41949
756.95	93.14178
757.2	93.60168
757.45	94.02917
757.7	94.30688
757.9666667	94.69629
758.2166667	94.94824
758.4666667	95.37817
758.7166667	95.47644
758.9666667	95.78363
759.2166667	96.00537
759.4666667	96.25366
759.7166667	96.3645
759.9666667	96.78784
760.2166667	96.79626
760.4666667	96.96344
760.7166667	97.09052
760.9666667	97.27667
761.2166667	97.2851
761.4833333	97.4765
761.7333333	97.56409
761.9833333	97.64941
762.2333333	97.5661
762.4833333	97.6701
762.7333333	97.47552
762.9833333	97.70654
763.2333333	97.81915
763.4833333	97.97168
763.7333333	97.76959
763.9833333	97.776
764.2333333	97.79395
764.4833333	97.71143
764.75	97.58813
765	97.52039
765.25	97.4068
765.5	97.26245
765.75	97.25806
766	97.18658
766.25	97.10211
766.5	96.93311
766.75	97.01654
767	96.63348
767.25	96.48071
767.5	96.18958
767.75	95.92413
768.0166667	95.69257
768.2666667	95.63196
768.5166667	95.35339
768.7666667	95.13263
769.0166667	95.08063
769.2666667	94.72668
769.5166667	94.75653
769.7666667	94.66321
770.0166667	94.06561
770.2666667	93.92645
770.5166667	93.41479
770.7666667	93.11517
771.0166667	92.84247
771.2666667	92.63092
771.5166667	92.48224
771.7833333	92.09583
772.0333333	91.89374
772.2833333	91.47443
772.5333333	91.15338
772.7833333	90.92493
773.0333333	90.58276
773.2833333	90.3999
773.5333333	90.06744
773.7833333	89.92822
774.0333333	89.60913
774.2833333	89.24426
774.5333333	88.92499
774.7833333	88.44196
775.05	88.1156
775.3	87.84845
775.55	87.39313
775.8	87.13269
776.05	86.76794
776.3	86.50928
776.55	86.36725
776.8	85.93146
777.05	85.70673
777.3	85.50122
777.55	85.00391
777.8	84.7312
778.05	84.3396
778.3166667	84.00934
778.5666667	83.65839
778.8166667	83.56122
779.0666667	83.15887
779.3166667	83.12952
779.5666667	83.07861
779.8166667	83.27173
780.0666667	83.5506
780.3166667	83.87622
780.5666667	84.29846
780.8166667	84.87579
781.0666667	85.58478
781.3166667	86.073
781.5833333	86.79248
781.8166667	87.44659
782.0833333	88.11292
782.3333333	88.72803
782.5833333	89.3504
782.8333333	89.87982
783.0833333	90.30841
783.3333333	91.09644
783.5833333	91.51929
783.8333333	91.98077
784.0833333	92.70081
784.3333333	92.80499
784.5833333	93.25049
784.8333333	93.42212
785.0833333	93.73578
785.35	94.00403
785.6	94.23065
785.85	94.521
786.1	94.54639
786.35	94.88153
786.6	95.08282
786.85	95.23438
787.1	95.46143
787.35	95.43781
787.6	95.48346
787.85	95.70654
788.1	95.76941
788.35	95.78918
788.6	95.89148
788.8666667	95.97809
789.1166667	95.99719
789.3666667	96.1167
789.6166667	96.12555
789.8666667	96.08716
790.1166667	96.00104
790.3666667	96.08893
790.6166667	96.0141
790.8666667	95.88953
791.1166667	95.62213
791.3666667	95.83014
791.6166667	95.33466
791.8666667	95.22723
792.1333333	95.06366
792.3833333	94.716
792.6333333	94.55255
792.8833333	94.39252
793.1333333	94.18927
793.3833333	93.95203
793.6333333	93.80426
793.8833333	93.4223
794.1333333	93.2934
794.3833333	93.02771
794.6333333	92.86102
794.8833333	92.48474
795.1333333	92.23853
795.4	91.87311
795.65	91.68304
795.9	91.52893
796.15	91.22345
796.4	90.97986
796.65	90.73193
796.9	90.49677
797.15	90.11707
797.4	89.94702
797.65	89.67065
797.9	89.40533
798.15	89.29999
798.4	88.96234
798.6666667	88.77899
798.9166667	88.47699
799.1666667	88.31067
799.4166667	88.04193
799.6666667	87.76471
799.9166667	87.46216
800.1666667	87.23419
800.4166667	86.86139
800.6666667	86.74023
800.9166667	86.10974
801.1666667	85.93408
801.4166667	85.84827
801.6666667	85.33978
801.9333333	85.20728
802.1833333	84.98389
802.4333333	84.75458
802.6833333	84.35449
802.9333333	84.14355
803.1833333	84.01636
803.4333333	83.51886
803.6833333	83.3197
803.9333333	82.91907
804.1833333	82.52887
804.4333333	82.12604
804.6833333	81.94214
804.9333333	81.89716
805.1833333	81.92944
805.45	82.13159
805.7	82.32135
805.95	82.78656
806.2	83.32086
806.45	83.96069
806.7	84.69519
806.95	85.35413
807.2	86.24243
807.45	86.74994
807.7	87.3667
807.95	87.96332
808.2	88.66864
808.45	89.18658
808.7166667	89.74188
808.9666667	90.49847
809.2166667	90.95239
809.4666667	91.51758
809.7166667	91.88428
809.9666667	92.24756
810.2166667	92.70123
810.4666667	92.92682
810.7166667	93.27283
810.9666667	93.64795
811.2166667	93.90894
811.4666667	94.05798
811.7166667	94.2536
811.9666667	94.46588
812.2166667	94.60034
812.4833333	94.87891
812.7333333	94.96478
812.9833333	95.26099
813.2333333	95.40656
813.4833333	95.41302
813.7333333	95.68652
813.9833333	95.80255
814.2333333	95.73615
814.4833333	95.8999
814.7333333	95.98175
814.9833333	96.07581
815.2333333	96.05548
815.4833333	96.03992
815.75	96.15546
816	96.02814
816.25	95.99146
816.5	95.92401
816.75	95.81201
817	95.79218
817.25	95.45435
817.5	95.31738
817.75	95.01489
818	94.93158
818.25	94.63605
818.5	94.46283
818.75	94.26648
819	94.12872
819.2666667	93.70148
819.5166667	93.40045
819.7666667	93.04425
820.0166667	92.76642
820.2666667	92.56171
820.5166667	92.00598
820.7666667	91.85327
821.0166667	91.48846
821.2666667	91.26068
821.5166667	91.0011
821.7666667	90.59473
822.0166667	90.25531
822.2833333	89.94122
822.5333333	89.70636
822.7833333	89.4068
823.0333333	88.85669
823.2833333	88.7439
823.5333333	88.38293
823.7833333	88.14777
824.0333333	87.81818
824.2833333	87.50299
824.5333333	87.25311
824.7833333	86.95245
825.0333333	86.75256
825.2833333	86.43201
825.5333333	86.06317
825.8	85.79254
826.05	85.61249
826.3	85.39789
826.55	85.09833
826.8	84.83453
827.05	84.56512
827.3	84.38501
827.55	84.01056
827.8	83.85303
828.05	83.72107
828.3	83.49878
828.55	83.1958
828.8	83.0921
829.05	82.88165
829.3166667	82.69684
829.5666667	82.40411
829.8166667	82.29608
830.0666667	82.133
830.3166667	81.93555
830.5666667	81.98016
830.8166667	81.9184
831.0666667	82.1662
831.3166667	82.49255
831.5666667	83.07867
831.8166667	83.53198
832.0666667	84.07184
832.3166667	84.69452
832.5666667	85.20685
832.8333333	86.14484
833.0833333	86.78595
833.3333333	87.36804
833.5833333	88.24524
833.8333333	88.92035
834.0833333	89.67041
834.3333333	90.13818
834.5833333	90.78748
834.8333333	91.38354
835.0833333	91.88074
835.3333333	92.47003
835.5833333	93.00226
835.8333333	93.61066
836.0833333	93.89575
836.3333333	94.17566
836.6	94.51514
836.85	94.83978
837.1	95.01312
837.35	95.43372
837.6	95.55908
837.85	95.86719
838.1	95.9433
838.35	96.30896
838.6	96.39044
838.85	96.57086
839.1	96.57776
839.35	96.73822
839.6	96.9613
839.8666667	96.95667
840.1166667	97.14465
840.3666667	97.20227
840.6166667	97.23151
840.8666667	97.17639
841.1166667	97.30408
841.3666667	97.43622
841.6166667	97.29034
841.8666667	97.17902
842.1166667	97.03265
842.3666667	97.22803
842.6166667	96.96857
842.8666667	96.87042
843.1333333	96.86969
843.3833333	96.5545
843.6333333	96.4198
843.8833333	96.46509
844.1333333	96.16229
844.3833333	96.08685
844.6333333	95.88885
844.8833333	95.75555
845.1333333	95.6236
845.3833333	95.31061
845.6333333	95.13757
845.8833333	95.07904
846.1333333	94.73383
846.4	94.71735
846.65	94.51099
846.9	94.41516
847.15	94.28015
847.4	94.01697
847.65	93.90625
847.9	93.6214
848.15	93.4953
848.4	93.46893
848.65	93.18842
848.9	92.96942
849.15	92.75037
849.4	92.65588
849.6666667	92.56897
849.9166667	92.13397
850.1666667	92.06433
850.4166667	91.98944
850.6666667	91.70746
850.9166667	91.61328
851.1666667	91.32477
851.4166667	91.34772
851.6666667	91.19824
851.9166667	90.98218
852.1666667	90.93372
852.4166667	90.73798
852.6666667	90.60925
852.9166667	90.44183
853.1833333	90.26801
853.4333333	90.3064
853.6833333	90.05444
853.9333333	89.88464
854.1833333	89.9425
854.4333333	89.68622
854.6833333	89.59027
854.9333333	89.53027
855.1833333	89.42444
855.4333333	89.34991
855.6833333	89.25854
855.9333333	89.10773
856.1833333	89.06287
856.4333333	88.98651
856.7	89.06183
856.95	89.04065
857.2	89.31952
857.45	89.56396
857.7	89.63867
857.95	90.00983
858.2	90.45154
858.45	90.77618
858.7	91.14844
858.95	91.50537
859.2	91.79803
859.45	92.29987
859.7	92.62769
859.95	92.91211
860.2166667	93.25452
860.4666667	93.65289
860.7166667	93.99304
860.9666667	94.28033
861.2166667	94.64423
861.4666667	94.90814
861.7166667	95.13086
861.9666667	95.41309
862.2166667	95.63885
862.4666667	95.78448
862.7166667	96.01807
862.9833333	96.1582
863.2333333	96.388
863.4833333	96.46051
863.7333333	96.68335
863.9833333	96.81757
864.2333333	96.83356
864.4833333	97.04706
864.7333333	97.13782
864.9833333	97.13153
865.2333333	97.02386
865.4833333	97.37799
865.7333333	97.50696
865.9833333	97.41052
866.2333333	97.46173
866.4833333	97.72955
866.7333333	97.55304
867	97.60437
867.25	97.62555
867.5	97.74341
867.75	97.50409
868	97.72791
868.25	97.64307
868.5	97.63049
868.75	97.58929
869	97.65845
869.25	97.70825
869.5	97.62579
869.75	97.52478
870.0166667	97.46967
870.2666667	97.60193
870.5166667	97.42792
870.7666667	97.40967
871.0166667	97.35834
871.2666667	97.24695
871.5166667	97.14996
871.7666667	97.09015
872.0166667	97.18933
872.2666667	97.03094
872.5166667	96.91522
872.7666667	96.85266
873.0166667	96.66785
873.2666667	96.72864
873.5166667	96.64539
873.7833333	96.53253
874.0333333	96.33575
874.2833333	96.38086
874.5333333	96.211
874.7833333	96.24591
875.0333333	96.17365
875.2833333	95.9892
875.5333333	96.01538
875.7833333	95.76416
876.0333333	95.8576
876.2833333	95.76367
876.5333333	95.60907
876.7833333	95.70764
877.05	95.54126
877.3	95.35474
877.55	95.26923
877.8	95.26691
878.05	95.17865
878.3	95.00159
878.55	94.99164
878.8	94.90161
879.05	94.79675
879.3	94.82965
879.55	94.66022
879.8	94.61151
880.05	94.45782
880.3166667	94.36438
880.5666667	94.25031
880.8166667	94.34167
881.0666667	94.25122
881.3166667	93.99951
881.5666667	94.17914
881.8166667	93.88501
882.0666667	93.89868
882.3166667	93.76801
882.5666667	93.8194
882.8166667	93.80304
883.0666667	93.84784
883.3333333	93.95923
883.5833333	94.08215
883.8333333	94.25568
884.0833333	94.51434
884.3333333	94.64758
884.5833333	94.79156
884.8333333	94.85004
885.0833333	95.00964
885.3333333	95.14978
885.5833333	95.51471
885.8333333	95.7337
886.0833333	95.88617
886.3333333	95.99884
886.6	96.10999
886.85	96.3363
887.1	96.45422
887.35	96.57489
887.6	96.64276
887.85	96.77618
888.1	96.88812
888.35	96.94269
888.6	97.15491
888.85	97.27094
889.1	97.27997
889.35	97.28156
889.6	97.28369
889.8666667	97.52173
890.1166667	97.52258
890.3666667	97.60175
890.6166667	97.68256
890.8666667	97.6615
891.1166667	97.83264
891.3666667	97.80304
891.6166667	97.84937
891.8666667	97.85449
892.1166667	97.8905
892.3666667	97.78516
892.6166667	97.86005
892.8666667	98.01471
893.1166667	97.8988
893.3833333	98.01141
893.6333333	97.79877
893.8833333	97.93042
894.1333333	97.68823
894.3833333	97.95123
894.6333333	97.83209
894.8833333	97.89618
895.1333333	97.81177
895.3833333	97.71936
895.6333333	97.62683
895.8833333	97.65399
896.1333333	97.6817
896.3833333	97.50946
896.6333333	97.50195
896.9	97.45032
897.15	97.48041
897.4	97.38336
897.65	97.1557
897.9	97.2146
898.15	97.03284
898.4	97.07556
898.65	96.96265
898.9	96.83148
899.15	96.83167
899.4	96.81708
899.65	96.74451
899.9166667	96.70758
900.1666667	96.63519
900.4166667	96.58362
900.6666667	96.42358
900.9166667	96.51038
901.1666667	96.17163
901.4166667	96.24493
901.6666667	96.18018
901.9166667	96.22217
902.1666667	96.11908
902.4166667	95.71423
902.6666667	95.93134
902.9166667	95.87451
903.1833333	95.75055
903.4333333	95.57721
903.6833333	95.521
903.9333333	95.44977
904.1833333	95.32245
904.4333333	95.3587
904.6833333	95.03284
904.9333333	95.09479
905.1833333	95.07251
905.4333333	94.90594
905.6833333	94.71948
905.9333333	94.71704
906.1833333	94.7486
906.4333333	94.48871
906.7	94.4588
906.95	94.25867
907.2	94.17853
907.45	94.26086
907.7	94.30334
907.95	94.16388
908.2	94.14905
908.45	94.18225
908.7	94.19727
908.95	94.22906
909.2	94.49371
909.45	94.5556
909.7	94.57446
909.95	94.73096
910.2166667	94.90576
910.4666667	95.12909
910.7166667	95.17816
910.9666667	95.50043
911.2166667	95.69971
911.4666667	95.80487
911.7166667	95.98334
911.9666667	96.00262
912.2166667	96.31726
912.4666667	96.23785
912.7166667	96.52423
912.9666667	96.578
913.2166667	96.65735
913.4666667	96.81268
913.7333333	97.0354
913.9833333	97.18658
914.2333333	97.14825
914.4833333	97.22852
914.7333333	97.33661
914.9833333	97.47742
915.2333333	97.37897
915.4833333	97.57556
915.7333333	97.51666
915.9833333	97.5874
916.2333333	97.81812
916.4833333	97.68262
916.7333333	97.8963
916.9833333	97.7594
917.25	97.97498
917.5	97.89355
917.75	98.03607
918	97.83289
918.25	97.85107
918.5	97.98242
918.75	97.95618
919	97.9071
919.25	97.92413
919.5	98.01184
919.75	97.98083
920	97.82977
920.25	97.96777
920.5	97.88525
920.7666667	97.83899
921.0166667	97.80127
921.2666667	97.82855
921.5166667	97.84961
921.7666667	97.85339
922.0166667	97.69818
922.2666667	97.75189
922.5166667	97.62579
922.7666667	97.58704
923.0166667	97.57935
923.2666667	97.60211
923.5333333	97.35614
923.7666667	97.40076
924.0333333	97.23572
924.2833333	97.30133
924.5333333	97.25592
924.7833333	97.23083
925.0333333	97.30878
925.2833333	97.00696
925.5333333	96.88397
925.7833333	96.7619
926.0333333	96.71826
926.2833333	96.5495
926.5333333	96.45398
926.7833333	96.50629
927.05	96.36139
927.3	96.35242
927.55	96.24084
927.8	96.16803
928.05	96.03802
928.3	96.14362
928.55	95.95117
928.8	95.95685
929.05	95.74017
929.3	95.68005
929.55	95.71185
929.8	95.4931
930.05	95.6167
930.3	95.5614
930.5666667	95.49426
930.8166667	95.30878
931.0666667	95.50348
931.3166667	95.16235
931.5666667	95.21356
931.8166667	94.98517
932.0666667	94.95483
932.3166667	95.06891
