0	96.98611
0.25	97.17337
0.5	97.19626
0.75	97.38651
1	97.50681
1.25	97.5405
1.5	97.48892
1.75	97.57791
2.016666667	97.61691
2.266666667	97.42917
2.516666667	97.41
2.766666667	97.19443
3.016666667	97.04605
3.266666667	97.27377
3.516666667	96.86594
3.766666667	96.79654
4.016666667	96.50034
4.266666667	96.35672
4.516666667	96.01407
4.766666667	95.98459
5.016666667	95.60574
5.283333333	95.46146
5.533333333	95.08182
5.783333333	95.0889
6.033333333	94.88101
6.283333333	94.50742
6.533333333	94.32425
6.783333333	94.07407
7.033333333	93.79385
7.283333333	93.54465
7.533333333	93.17612
7.783333333	93.12546
8.033333333	92.75528
8.283333333	92.46591
8.533333333	92.17068
8.783333333	91.91324
9.05	91.83572
9.3	91.56607
9.55	91.17453
9.8	90.90164
10.05	90.82376
10.3	90.39841
10.55	90.25613
10.8	89.89297
11.05	89.59732
11.3	89.50137
11.55	89.1666
11.8	88.8959
12.05	88.7869
12.31666667	88.34012
12.56666667	88.10684
12.81666667	87.88602
13.06666667	87.61819
13.31666667	87.3425
13.56666667	87.08286
13.81666667	86.81937
14.06666667	86.53769
14.31666667	86.24118
14.56666667	85.96976
14.81666667	85.52982
15.06666667	85.43942
15.33333333	85.2186
15.58333333	84.89285
15.83333333	84.65268
16.08333333	84.32846
16.33333333	84.14566
16.58333333	83.8381
16.83333333	83.5643
17.08333333	83.29172
17.33333333	82.90372
17.58333333	82.68594
17.83333333	82.392
18.08333333	82.06381
18.33333333	81.80679
18.6	81.61722
18.83333333	81.26724
19.1	81.06949
19.35	80.71335
19.6	80.47678
19.85	80.15482
20.1	80.01346
20.35	79.71768
20.6	79.43381
20.85	79.18271
21.1	78.94077
21.35	78.6265
21.6	78.34836
21.85	78.13083
22.11666667	77.88297
22.36666667	77.76205
22.61666667	77.19052
22.86666667	77.18723
23.11666667	76.77982
23.36666667	76.57932
23.61666667	76.36447
23.86666667	76.16794
24.11666667	75.8674
24.36666667	75.52054
24.61666667	75.28714
24.86666667	75.04379
25.11666667	74.78378
25.36666667	74.42654
25.61666667	74.36838
25.88333333	73.97543
26.13333333	73.81534
26.38333333	73.49136
26.63333333	73.28012
26.88333333	73.08914
27.13333333	72.78116
27.38333333	72.47824
27.63333333	72.33792
27.88333333	72.11868
28.13333333	71.7709
28.38333333	71.63889
28.63333333	71.52707
28.88333333	71.12894
29.15	70.9299
29.4	70.63699
29.65	70.42722
29.9	70.08475
30.15	69.80832
30.4	69.7449
30.65	69.20657
30.9	69.00882
31.15	68.90976
31.4	68.60367
31.65	68.25168
31.9	67.98465
32.15	67.84726
32.41666667	67.46671
32.66666667	67.21146
32.91666667	67.00839
33.16666667	66.80832
33.41666667	66.52402
33.66666667	66.18417
33.91666667	65.94168
34.16666667	65.71536
34.41666667	65.37704
34.66666667	65.07944
34.91666667	64.88217
35.16666667	64.74936
35.41666667	64.34152
35.68333333	64.07913
35.93333333	63.92783
36.18333333	63.55038
36.43333333	63.34439
36.68333333	63.14835
36.93333333	63.00394
37.18333333	62.63718
37.43333333	62.42337
37.68333333	62.15872
37.93333333	62.03683
38.18333333	61.77396
38.43333333	61.53696
38.68333333	61.25626
38.95	60.98196
39.2	60.75937
39.45	60.48795
39.7	60.19669
39.95	59.93045
40.2	59.69388
40.45	59.49112
40.7	59.17728
40.95	58.88632
41.2	58.63858
41.45	58.37015
41.7	58.15213
41.95	57.87656
42.2	57.5878
42.46666667	57.22989
42.71666667	56.98813
42.96666667	56.70456
43.21666667	56.496
43.46666667	56.28922
43.71666667	55.83566
43.96666667	55.63412
44.21666667	55.36765
44.46666667	55.02835
44.71666667	54.84726
44.96666667	54.49069
45.21666667	54.22934
45.46666667	53.90909
45.73333333	53.61124
45.98333333	53.30746
46.23333333	53.02939
46.48333333	52.67184
46.73333333	52.37869
46.98333333	52.05374
47.23333333	51.73813
47.48333333	51.46487
47.73333333	51.07242
47.98333333	50.7753
48.23333333	50.47153
48.48333333	50.18741
48.73333333	49.80942
49	49.60251
49.25	49.28452
49.5	48.93088
49.75	48.66409
50	48.42014
50.25	48.11966
50.5	47.84348
50.75	47.46848
51	47.22891
51.25	46.95682
51.5	46.7081
51.75	46.36017
52	46.21976
52.26666667	45.95615
52.51666667	45.65036
52.76666667	45.40845
53.01666667	45.03101
53.26666667	44.75677
53.51666667	44.5528
53.76666667	44.21982
54.01666667	43.88815
54.26666667	43.64371
54.51666667	43.37195
54.76666667	43.15424
55.01666667	42.80957
55.26666667	42.58789
55.53333333	42.32578
55.78333333	41.94623
56.03333333	41.66364
56.28333333	41.37964
56.53333333	40.94479
56.78333333	40.92035
57.03333333	40.47687
57.28333333	40.29425
57.53333333	39.97079
57.78333333	39.65491
58.03333333	39.23428
58.28333333	38.97263
58.53333333	38.64264
58.78333333	38.37381
59.05	38.03662
59.3	37.73889
59.55	37.21484
59.8	37.00366
60.05	36.66995
60.3	36.30637
60.55	35.88187
60.8	35.6348
61.05	35.31924
61.3	34.98709
61.55	34.62936
61.8	34.26001
62.05	34.07736
62.31666667	33.73721
62.56666667	33.26334
62.81666667	33.00082
63.06666667	32.73672
63.31666667	32.51288
63.56666667	32.09399
63.81666667	31.89868
64.06666667	31.66104
64.31666667	31.28287
64.56666667	30.98471
64.81666667	30.7576
65.06666667	30.53418
65.31666667	30.24127
65.56666667	29.98215
65.81666667	29.73975
66.08333333	29.41309
66.33333333	29.30023
66.58333333	29.14017
66.83333333	28.8454
67.08333333	28.55991
67.33333333	28.27954
67.58333333	28.05524
67.83333333	27.78802
68.08333333	27.55325
68.33333333	27.35837
68.58333333	27.14459
68.85	26.85269
69.08333333	26.60208
69.35	26.36151
69.6	26.12753
69.85	26.01614
70.1	25.6615
70.35	25.49579
70.6	25.18893
70.85	25.01065
71.1	24.76486
71.35	24.59128
71.6	24.32092
71.85	24.1514
72.11666667	23.83075
72.35	23.66254
72.61666667	23.23648
72.86666667	23.08859
73.11666667	23.01535
73.36666667	22.71164
73.61666667	22.48447
73.86666667	22.24933
74.11666667	21.77261
74.36666667	21.58109
74.61666667	21.36383
74.86666667	21.15155
75.11666667	20.97247
75.36666667	20.78494
75.61666667	20.37888
75.88333333	20.12973
76.13333333	19.9393
76.38333333	19.63156
76.63333333	19.39651
76.88333333	19.19028
77.13333333	18.93677
77.38333333	18.67358
77.63333333	18.42371
77.88333333	18.26065
78.13333333	18.0105
78.38333333	17.81207
78.63333333	17.60565
78.88333333	17.28275
79.15	17.10944
79.4	16.93518
79.65	16.72702
79.9	16.49014
80.15	16.27591
80.4	16.05374
80.65	15.78952
80.9	15.5563
81.15	15.21884
81.4	15.15543
81.65	14.90976
81.9	14.59866
82.15	14.4187
82.41666667	14.15787
82.66666667	13.97287
82.91666667	13.71155
83.16666667	13.52246
83.41666667	13.27612
83.66666667	12.96402
83.91666667	12.86542
84.16666667	12.5177
84.41666667	12.33624
84.66666667	12.11151
84.91666667	12.00488
85.16666667	11.78519
85.43333333	11.47229
85.66666667	11.35825
85.93333333	11.17041
86.18333333	11.02374
86.43333333	10.73871
86.68333333	10.59732
86.93333333	10.42755
87.18333333	10.24008
87.43333333	10.01306
87.68333333	9.977448
87.93333333	9.809204
88.18333333	9.706207
88.43333333	9.501251
88.7	9.382294
88.93333333	9.185974
89.2	9.123413
89.45	9.012604
89.7	8.76413
89.95	8.696198
90.2	8.489044
90.45	8.465851
90.7	8.26947
90.95	8.181702
91.2	7.982391
91.45	7.889313
91.7	7.721497
91.95	7.596863
92.2	7.64325
92.46666667	7.534332
92.71666667	7.310364
92.96666667	7.24472
93.21666667	7.120514
93.46666667	6.957733
93.71666667	6.967865
93.96666667	6.856812
94.21666667	6.836029
94.46666667	6.640961
94.71666667	6.618317
94.96666667	6.502869
95.21666667	6.457214
95.46666667	6.361298
95.73333333	6.207336
95.98333333	6.207275
96.23333333	6.133759
96.48333333	5.998077
96.73333333	5.967529
96.98333333	5.843903
97.23333333	5.743073
97.48333333	5.753296
97.73333333	5.593475
97.98333333	5.481293
98.23333333	5.453918
98.48333333	5.490906
98.73333333	5.255981
99	5.304321
99.25	5.207214
99.5	5.080139
99.75	5.038452
100	4.94809
100.25	4.892334
100.5	4.857788
100.75	4.779541
101	4.68631
101.25	4.610718
101.5	4.561401
101.75	4.422272
102	4.419983
102.25	4.297333
102.5	4.274658
102.7666667	4.194092
103.0166667	4.110748
103.2666667	4.084137
103.5166667	3.961212
103.7666667	4.001007
104.0166667	3.946045
104.2666667	3.828369
104.5166667	3.698547
104.7666667	3.749359
105.0166667	3.662537
105.2666667	3.641083
105.5166667	3.590179
105.7833333	3.474091
106.0333333	3.452484
106.2833333	3.43222
106.5333333	3.406738
106.7833333	3.342468
107.0333333	3.267761
107.2833333	3.308319
107.5333333	3.258484
107.7833333	3.247559
108.0333333	3.104431
108.2833333	3.091583
108.5333333	3.163239
108.7833333	2.999634
109.05	2.922668
109.3	2.955841
109.55	2.904999
109.8	2.812469
110.05	2.766418
110.3	2.83197
110.55	2.760376
110.8	2.722717
111.05	2.641998
111.3	2.60202
111.55	2.519653
111.8	2.526398
112.05	2.548035
112.3	2.496063
112.5666667	2.525177
112.8166667	2.482605
113.0666667	2.314667
113.3166667	2.303528
113.5666667	2.241089
113.8166667	2.282776
114.0666667	2.293671
114.3166667	2.284393
114.5666667	2.210846
114.8166667	2.159698
115.0666667	2.12735
115.3166667	2.177948
115.5666667	2.141907
