0	97.71774
0.25	97.86105
0.5	97.82632
0.75	97.82205
1	97.75314
1.25	97.79788
1.5	97.74265
1.75	97.7142
2	97.66202
2.25	97.45615
2.516666667	97.46463
2.766666667	97.39243
3.016666667	97.19211
3.266666667	97.14639
3.516666667	97.1091
3.766666667	96.87894
4.016666667	96.69571
4.266666667	96.65817
4.516666667	96.48489
4.766666667	96.371
5.016666667	96.02133
5.266666667	95.9664
5.516666667	95.74411
5.766666667	95.57773
6.033333333	95.4028
6.283333333	95.34427
6.533333333	95.10873
6.783333333	94.85196
7.033333333	94.77982
7.283333333	94.65042
7.533333333	94.33224
7.783333333	94.12314
8.033333333	94.00961
8.283333333	93.68637
8.533333333	93.47214
8.783333333	93.37454
9.033333333	93.10684
9.3	92.81717
9.55	92.71866
9.8	92.366
10.05	92.23813
10.3	92.06973
10.55	91.71652
10.8	91.46976
11.05	91.17215
11.3	91.02249
11.55	90.83163
11.8	90.60464
12.05	90.27396
12.3	90.10074
12.56666667	89.94223
12.81666667	89.58176
13.06666667	89.51602
13.31666667	89.17038
13.56666667	88.97916
13.81666667	88.76382
14.06666667	88.62466
14.31666667	88.29086
14.56666667	88.07144
14.81666667	87.8591
15.06666667	87.64334
15.31666667	87.31479
15.56666667	87.18039
15.83333333	86.99826
16.08333333	86.68338
16.33333333	86.48904
16.58333333	86.42783
16.83333333	86.10947
17.08333333	85.90732
17.33333333	85.63071
17.58333333	85.54025
17.83333333	85.3212
18.08333333	85.03799
18.33333333	84.68192
18.58333333	84.66544
18.83333333	84.35312
19.08333333	84.22147
19.35	84.0336
19.6	83.83701
19.85	83.4512
20.1	83.42599
20.35	82.92154
20.6	82.87796
20.85	82.73019
21.1	82.36264
21.35	82.37051
21.6	82.02866
21.85	81.71573
22.1	81.56772
22.35	81.50912
22.61666667	81.14346
22.86666667	80.85739
23.11666667	80.74789
23.36666667	80.4202
23.61666667	80.38376
23.86666667	80.09769
24.11666667	79.87906
24.36666667	79.65451
24.61666667	79.44376
24.86666667	79.21677
25.11666667	79.11508
25.36666667	78.83493
25.61666667	78.61435
25.86666667	78.52628
26.11666667	78.25644
26.38333333	78.00705
26.63333333	77.80557
26.88333333	77.71945
27.13333333	77.38821
27.38333333	77.25906
27.63333333	77.01187
27.88333333	76.7421
28.13333333	76.54904
28.38333333	76.40683
28.63333333	76.1904
28.88333333	75.94327
29.13333333	75.76547
29.38333333	75.45383
29.65	75.20859
29.9	75.13742
30.15	74.85477
30.4	74.66879
30.65	74.55557
30.9	74.28568
31.15	73.90945
31.4	73.85934
31.65	73.57089
31.9	73.34604
32.15	73.16556
32.4	72.86978
32.65	72.68106
32.91666667	72.37381
33.16666667	72.25528
33.41666667	72.07797
33.66666667	71.70016
33.91666667	71.41885
34.16666667	71.12888
34.41666667	71.00845
34.66666667	70.79263
34.91666667	70.5289
35.16666667	70.35086
35.41666667	70.10318
35.66666667	69.87399
35.91666667	69.6218
36.18333333	69.28714
36.43333333	69.18674
36.68333333	68.91409
36.93333333	68.66525
37.18333333	68.44937
37.43333333	68.31271
37.68333333	67.86551
37.93333333	67.80893
38.18333333	67.5535
38.43333333	67.30685
38.68333333	67.1561
38.93333333	66.88724
39.18333333	66.57773
39.45	66.41428
39.7	66.08566
39.95	65.85092
40.2	65.72574
40.45	65.45828
40.7	65.29202
40.95	65.04855
41.2	64.77725
41.45	64.53641
41.7	64.35141
41.95	64.30478
42.2	64.03592
42.45	63.81827
42.7	63.67636
42.95	63.33212
43.21666667	63.14291
43.46666667	62.94766
43.71666667	62.7319
43.96666667	62.54745
44.21666667	62.49515
44.46666667	62.2233
44.71666667	61.95255
44.96666667	61.89304
45.21666667	61.64951
45.46666667	61.54391
45.71666667	61.21469
45.96666667	60.98843
46.21666667	60.79849
46.46666667	60.5217
46.73333333	60.39658
46.98333333	60.17551
47.23333333	59.95517
47.48333333	59.78568
47.73333333	59.51584
47.98333333	59.40762
48.23333333	59.1514
48.48333333	58.94095
48.73333333	58.66501
48.98333333	58.53629
49.23333333	58.3674
49.48333333	58.19559
49.73333333	57.91708
50	57.8447
50.25	57.61636
50.5	57.31137
50.75	57.13156
51	56.87411
51.25	56.69534
51.5	56.49619
51.75	56.30405
52	56.17123
52.25	56.01431
52.5	55.75119
52.75	55.44278
53	55.29422
53.25	55.10178
53.5	54.93387
53.76666667	54.78824
54.01666667	54.5629
54.26666667	54.35501
54.51666667	54.20822
54.76666667	54.04019
55.01666667	53.9072
55.26666667	53.79422
55.51666667	53.42715
55.76666667	53.35751
56.01666667	53.09573
56.26666667	52.95901
56.53333333	52.66922
56.76666667	52.59811
57.03333333	52.40164
57.28333333	52.16916
57.53333333	51.94632
57.78333333	51.77206
58.03333333	51.6423
58.28333333	51.35355
58.53333333	51.2139
58.78333333	50.97891
59.03333333	50.81949
59.28333333	50.66025
59.53333333	50.45926
59.78333333	50.20712
60.03333333	50.0798
60.3	49.81387
60.53333333	49.64389
60.8	49.3793
61.05	49.22604
61.3	49.05917
61.55	48.8978
61.8	48.62485
62.05	48.52859
62.3	48.22134
62.55	47.98148
62.8	47.78378
63.05	47.68753
63.3	47.43094
63.56666667	47.22086
63.8	47.08011
64.06666667	46.81491
64.31666667	46.58316
64.56666667	46.50424
64.81666667	46.18283
65.06666667	46.03824
65.31666667	45.85098
65.56666667	45.55405
65.81666667	45.52652
66.06666667	45.1268
66.31666667	44.95462
66.56666667	44.78479
66.81666667	44.60519
67.06666667	44.3754
67.33333333	44.13467
67.58333333	44.03696
67.83333333	43.74054
68.08333333	43.56677
68.33333333	43.37921
68.58333333	43.18213
68.83333333	42.99161
69.08333333	42.81693
69.33333333	42.60767
69.58333333	42.52786
69.83333333	42.19662
70.08333333	42.1022
70.33333333	41.86984
70.58333333	41.71353
70.85	41.5426
71.1	41.32504
71.35	41.17853
71.6	40.90109
71.85	40.67252
72.1	40.5437
72.35	40.35385
72.6	40.18762
72.85	39.93619
73.1	39.77097
73.35	39.58286
73.6	39.36719
73.85	39.19189
74.1	39.07477
74.36666667	38.87653
74.61666667	38.65973
74.86666667	38.46271
75.11666667	38.21375
75.36666667	38.08472
75.61666667	37.88547
75.86666667	37.73462
76.11666667	37.56534
76.36666667	37.28302
76.61666667	37.20688
76.86666667	36.996
77.11666667	36.76135
77.36666667	36.57657
77.61666667	36.47974
77.88333333	36.25461
78.13333333	35.9986
78.38333333	36.00427
78.63333333	35.5799
78.88333333	35.53876
79.13333333	35.30518
79.38333333	35.18945
79.63333333	35.061
79.88333333	34.70468
80.13333333	34.57843
80.38333333	34.40454
80.63333333	34.29791
80.88333333	34.09293
81.15	33.89224
81.4	33.62271
81.65	33.48288
81.9	33.32635
82.15	33.22913
82.4	33.02737
82.65	32.72223
82.9	32.56775
83.15	32.40851
83.4	32.38342
83.65	32.14255
83.9	31.97278
84.15	31.71387
84.4	31.54544
84.66666667	31.39719
84.91666667	31.20734
85.16666667	31.03857
85.41666667	30.78763
85.66666667	30.73166
85.91666667	30.50763
86.16666667	30.32333
86.41666667	30.09482
86.66666667	29.88531
86.91666667	29.75934
87.16666667	29.48184
87.41666667	29.3862
87.66666667	29.18594
87.91666667	29.02203
88.18333333	28.92749
88.43333333	28.69763
88.68333333	28.43948
88.93333333	28.36588
89.18333333	28.10458
89.43333333	27.98328
89.68333333	27.76193
89.93333333	27.59317
90.18333333	27.4559
90.43333333	27.27222
90.68333333	27.06638
90.93333333	26.87442
91.18333333	26.86267
91.45	26.50992
91.7	26.34927
91.95	26.20566
92.2	26.02219
92.45	25.82321
92.7	25.69373
92.95	25.51071
93.2	25.31451
93.45	25.2207
93.7	24.90665
93.95	24.72977
94.2	24.61972
94.45	24.4213
94.71666667	24.20532
94.96666667	24.10074
95.21666667	23.8501
95.46666667	23.68552
95.71666667	23.53339
95.96666667	23.30887
96.21666667	23.13806
96.46666667	22.97305
96.71666667	22.79996
96.96666667	22.55954
97.21666667	22.37216
97.46666667	22.1698
97.71666667	21.93155
97.96666667	21.80167
98.21666667	21.61005
98.48333333	21.53976
98.73333333	21.3623
98.98333333	21.16724
99.23333333	20.85797
99.48333333	20.75497
99.73333333	20.61508
99.98333333	20.47296
100.2333333	20.23911
100.4833333	20.04169
100.7333333	19.89233
100.9833333	19.67267
101.2333333	19.48102
101.4833333	19.2865
101.75	19.05795
102	18.81158
102.25	18.63864
102.5	18.42487
102.75	18.12506
103	18.056
103.25	17.8165
103.5	17.55615
103.75	17.33441
104	17.15997
104.25	16.99484
104.5	16.65753
104.75	16.45837
105.0166667	16.24405
105.2666667	15.99124
105.5166667	15.71698
105.7666667	15.52145
106.0166667	15.24597
106.2666667	15.14804
106.5166667	14.84805
106.7666667	14.56628
107.0166667	14.39151
107.2666667	14.21463
107.5166667	13.99155
107.7666667	13.79803
108.0333333	13.49121
108.2833333	13.30588
108.5333333	13.20984
108.7833333	13.01306
109.0333333	12.76947
109.2833333	12.46704
109.5333333	12.30881
109.7833333	12.08905
110.0333333	11.85181
110.2833333	11.6557
110.5333333	11.46231
110.7833333	11.36691
111.0333333	11.14359
111.3	10.90427
111.55	10.81039
111.8	10.65131
112.05	10.30109
112.3	10.18384
112.55	10.06131
112.8	9.797852
113.05	9.700317
113.3	9.503387
113.55	9.430542
113.8	9.278412
114.05	9.169922
114.3	9.01767
114.55	8.863159
114.8	8.669342
115.0666667	8.551453
115.3166667	8.407776
115.5666667	8.325592
115.8166667	8.163727
116.0666667	8.08194
116.3166667	7.87793
116.5666667	7.770721
116.8166667	7.791534
117.0666667	7.662323
117.3166667	7.546875
117.5666667	7.326172
117.8166667	7.358612
118.0833333	7.109131
118.3333333	7.0802
118.5833333	6.898956
118.8333333	6.760742
119.0833333	6.673218
119.3333333	6.614685
119.5833333	6.5177
119.8333333	6.300842
120.0833333	6.158417
120.3333333	6.236237
120.5833333	6.125916
120.8333333	5.947296
121.0833333	5.887634
121.3333333	5.7966
121.6	5.694061
121.85	5.682831
122.1	5.674988
122.35	5.423035
122.6	5.397278
122.85	5.279694
123.1	5.183044
123.35	5.159546
123.6	4.916718
123.85	4.96875
124.1	4.908447
124.35	4.825073
124.6166667	4.684479
124.8666667	4.621307
125.1166667	4.542358
125.3666667	4.538025
125.6166667	4.443756
125.8666667	4.41629
126.1166667	4.295868
126.3666667	4.279114
126.6166667	4.189209
126.8666667	4.113861
127.1166667	4.131836
127.3666667	4.010651
127.6166667	3.885498
127.8666667	3.944977
128.1166667	3.846924
128.3833333	3.790009
